3448	0.0000000000	0.000000000000000	0.9580759551590026	1	0.0002900232018561485	0.0008	0.0	56
3449	0.0000000000	0.000000000000000	0.9580759551590026	1	0.00028993911278631486	0.0008	0.0	56
3450	0.0000000000	0.000000000000000	0.9580759551590026	1	0.0002898550724637681	0.0008	0.0	56
3451	0.0000000000	0.000000000000000	0.9580759551590026	1	0.0002897710808461316	0.0008	0.0	56
3452	0.0000000000	0.000000000000000	0.9580759551590026	1	0.00028968713789107763	0.0008	0.0	56
3453	0.0000000000	0.000000000000000	0.9580759551590026	1	0.0002896032435563278	0.0008	0.0	56
3454	0.0000000000	0.000000000000000	0.9580759551590026	1	0.00028951939779965256	0.0008	0.0	56
3455	0.0000000000	0.000000000000000	0.9580759551590026	1	0.0002894356005788712	0.0008	0.0	56
3456	0.0000000000	0.000000000000000	0.9580759551590026	1	0.00028935185185185184	0.0008	0.0	56
3457	0.0000000000	0.000000000000000	0.9580759551590026	1	0.0002892681515765114	0.0008	0.0	56
3458	0.0000000000	0.000000000000000	0.9580759551590026	1	0.0002891844997108155	0.0008	0.0	56
3459	0.0000000000	0.000000000000000	0.9580759551590026	1	0.0002891008962127783	0.0008	0.0	56
3460	0.0000000000	0.000000000000000	0.9580759551590026	1	0.00028901734104046245	0.0008	0.0	56
3461	0.0000000000	0.000000000000000	0.9580759551590026	1	0.0002889338341519792	0.0008	0.0	56
3462	0.0000000000	0.000000000000000	0.9580759551590026	1	0.00028885037550548814	0.0008	0.0	56
3463	0.0000000000	0.000000000000000	0.9580759551590026	1	0.00028876696505919725	0.0008	0.0	56
3464	0.0000000000	0.000000000000000	0.9580759551590026	1	0.0002886836027713626	0.0008	0.0	56
3465	0.0000000000	0.000000000000000	0.9580759551590026	1	0.0002886002886002886	0.0008	0.0	56
3466	0.0000000000	0.000000000000000	0.9580759551590026	1	0.00028851702250432774	0.0008	0.0	56
3467	0.0000000000	0.000000000000000	0.9580759551590026	1	0.00028843380444188056	0.0008	0.0	56
3468	0.0000000000	0.000000000000000	0.9580759551590026	1	0.0002883506343713956	0.0008	0.0	56
3469	0.0000000000	0.000000000000000	0.9580759551590026	1	0.0002882675122513693	0.0008	0.0	56
3470	0.0000000000	0.000000000000000	0.9580759551590026	1	0.00028818443804034583	0.0008	0.0	56
3471	0.0000000000	0.000000000000000	0.9580759551590026	1	0.0002881014116969173	0.0008	0.0	56
3472	0.0000000000	0.000000000000000	0.9580759551590026	1	0.0002880184331797235	0.0008	0.0	56
3473	0.0000000000	0.000000000000000	0.9580759551590026	1	0.00028793550244745177	0.0008	0.0	56
3474	0.0000000000	0.000000000000000	0.9580759551590026	1	0.0002878526194588371	0.0008	0.0	56
3475	0.0000000000	0.000000000000000	0.9580759551590026	1	0.00028776978417266187	0.0008	0.0	56
3476	0.0000000000	0.000000000000000	0.9580759551590026	1	0.00028768699654775604	0.0008	0.0	56
3477	0.0000000000	0.000000000000000	0.9580759551590026	1	0.0002876042565429968	0.0008	0.0	56
3478	0.0000000000	0.000000000000000	0.9580759551590026	1	0.0002875215641173088	0.0008	0.0	56
3479	0.0000000000	0.000000000000000	0.9580759551590026	1	0.0002874389192296637	0.0008	0.0	56
3480	0.0000000000	0.000000000000000	0.9580759551590026	1	0.00028735632183908046	0.0008	0.0	56
3481	0.0000000000	0.000000000000000	0.9580759551590026	1	0.0002872737719046251	0.0008	0.0	56
3482	0.0000000000	0.000000000000000	0.9580759551590026	1	0.0002871912693854107	0.0008	0.0	56
3483	0.0000000000	0.000000000000000	0.9580759551590026	1	0.0002871088142405972	0.0008	0.0	56
3484	0.0000000000	0.000000000000000	0.9580759551590026	1	0.0002870264064293915	0.0008	0.0	56
3485	0.0000000000	0.000000000000000	0.9580759551590026	1	0.00028694404591104734	0.0008	0.0	56
3486	0.0000000000	0.000000000000000	0.9580759551590026	1	0.00028686173264486515	0.0008	0.0	56
3487	0.0000000000	0.000000000000000	0.9580759551590026	1	0.00028677946659019213	0.0008	0.0	56
3488	0.0000000000	0.000000000000000	0.9580759551590026	1	0.00028669724770642203	0.0008	0.0	56
3489	0.0000000000	0.000000000000000	0.9580759551590026	1	0.00028661507595299513	0.0008	0.0	56
3490	0.0000000000	0.000000000000000	0.9580759551590026	1	0.00028653295128939826	0.0008	0.0	56
3491	0.0000000000	0.000000000000000	0.9580759551590026	1	0.0002864508736751647	0.0008	0.0	56
3492	0.0000000000	0.000000000000000	0.9580759551590026	1	0.000286368843069874	0.0008	0.0	56
3493	0.0000000000	0.000000000000000	0.9580759551590026	1	0.000286286859433152	0.0008	0.0	56
3494	0.0000000000	0.000000000000000	0.9580759551590026	1	0.00028620492272467084	0.0008	0.0	56
3495	0.0000000000	0.000000000000000	0.9580759551590026	1	0.0002861230329041488	0.0008	0.0	56
3496	0.0000000000	0.000000000000000	0.9580759551590026	1	0.0002860411899313501	0.0008	0.0	56
3497	0.0000000000	0.000000000000000	0.9580759551590026	1	0.00028595939376608524	0.0008	0.0	56
3498	0.0000000000	0.000000000000000	0.9580759551590026	1	0.0002858776443682104	0.0008	0.0	56
3499	0.0000000000	0.000000000000000	0.9580759551590026	1	0.0002857959416976279	0.0008	0.0	56
3500	0.0000000000	0.000000000000000	0.9580759551590026	1	0.00028571428571428574	0.0008	0.0	56
3501	0.0000000000	0.000000000000000	0.9580759551590026	1	0.00028563267637817766	0.0008	0.0	56
3502	0.0000000000	0.000000000000000	0.9580759551590026	1	0.00028555111364934324	0.0008	0.0	56
3503	0.0000000000	0.000000000000000	0.9580759551590026	1	0.00028546959748786756	0.0008	0.0	56
3504	0.0000000000	0.000000000000000	0.9580759551590026	1	0.00028538812785388126	0.0008	0.0	56
3505	0.0000000000	0.000000000000000	0.9580759551590026	1	0.0002853067047075606	0.0008	0.0	56
3506	0.0000000000	0.000000000000000	0.9580759551590026	1	0.0002852253280091272	0.0008	0.0	56
3507	0.0000000000	0.000000000000000	0.9580759551590026	1	0.00028514399771884804	0.0008	0.0	56
3508	0.0000000000	0.000000000000000	0.9580759551590026	1	0.00028506271379703536	0.0008	0.0	56
3509	0.0000000000	0.000000000000000	0.9580759551590026	1	0.00028498147620404675	0.0008	0.0	56
3510	0.0000000000	0.000000000000000	0.9580759551590026	1	0.0002849002849002849	0.0008	0.0	56
3511	0.0000000000	0.000000000000000	0.9580759551590026	1	0.0002848191398461977	0.0008	0.0	56
3512	0.0000000000	0.000000000000000	0.9580759551590026	1	0.0002847380410022779	0.0008	0.0	56
3513	0.0000000000	0.000000000000000	0.9580759551590026	1	0.0002846569883290635	0.0008	0.0	56
3514	0.0000000000	0.000000000000000	0.9580759551590026	1	0.0002845759817871372	0.0008	0.0	56
3515	0.0000000000	0.000000000000000	0.9580759551590026	1	0.0002844950213371266	0.0008	0.0	56
3516	0.0000000000	0.000000000000000	0.9580759551590026	1	0.0002844141069397042	0.0008	0.0	56
3517	0.0000000000	0.000000000000000	0.9580759551590026	1	0.0002843332385555871	0.0008	0.0	56
3518	0.0000000000	0.000000000000000	0.9580759551590026	1	0.0002842524161455372	0.0008	0.0	56
3519	0.0000000000	0.000000000000000	0.9580759551590026	1	0.0002841716396703609	0.0008	0.0	56
3520	0.0000000000	0.000000000000000	0.9580759551590026	1	0.0002840909090909091	0.0008	0.0	56
3521	0.0000000000	0.000000000000000	0.9580759551590026	1	0.00028401022436807724	0.0008	0.0	56
3522	0.0000000000	0.000000000000000	0.9580759551590026	1	0.00028392958546280523	0.0008	0.0	56
3523	0.0000000000	0.000000000000000	0.9580759551590026	1	0.0002838489923360772	0.0008	0.0	56
3524	0.0000000000	0.000000000000000	0.9580759551590026	1	0.00028376844494892167	0.0008	0.0	56
3525	0.0000000000	0.000000000000000	0.9580759551590026	1	0.00028368794326241134	0.0008	0.0	56
3526	0.0000000000	0.000000000000000	0.9580759551590026	1	0.0002836074872376631	0.0008	0.0	56
3527	0.0000000000	0.000000000000000	0.9580759551590026	1	0.0002835270768358378	0.0008	0.0	56
3528	0.0000000000	0.000000000000000	0.9580759551590026	1	0.0002834467120181406	0.0008	0.0	56
3529	0.0000000000	0.000000000000000	0.9580759551590026	1	0.00028336639274582036	0.0008	0.0	56
3530	0.0000000000	0.000000000000000	0.9580759551590026	1	0.00028328611898016995	0.0008	0.0	56
3531	0.0000000000	0.000000000000000	0.9580759551590026	1	0.0002832058906825262	0.0008	0.0	56
3532	0.0000000000	0.000000000000000	0.9580759551590026	1	0.00028312570781426955	0.0008	0.0	56
3533	0.0000000000	0.000000000000000	0.9580759551590026	1	0.0002830455703368242	0.0008	0.0	56
3534	0.0000000000	0.000000000000000	0.9580759551590026	1	0.0002829654782116582	0.0008	0.0	56
3535	0.0000000000	0.000000000000000	0.9580759551590026	1	0.0002828854314002829	0.0008	0.0	56
3536	0.0000000000	0.000000000000000	0.9580759551590026	1	0.0002828054298642534	0.0008	0.0	56
3537	0.0000000000	0.000000000000000	0.9580759551590026	1	0.0002827254735651682	0.0008	0.0	56
3538	0.0000000000	0.000000000000000	0.9580759551590026	1	0.0002826455624646693	0.0008	0.0	56
3539	0.0000000000	0.000000000000000	0.9580759551590026	1	0.00028256569652444194	0.0008	0.0	56
3540	0.0000000000	0.000000000000000	0.9580759551590026	1	0.0002824858757062147	0.0008	0.0	56
3541	0.0000000000	0.000000000000000	0.9580759551590026	1	0.0002824060999717594	0.0008	0.0	56
3542	0.0000000000	0.000000000000000	0.9580759551590026	1	0.000282326369282891	0.0008	0.0	56
3543	0.0000000000	0.000000000000000	0.9580759551590026	1	0.0002822466836014677	0.0008	0.0	56
3544	0.0000000000	0.000000000000000	0.9580759551590026	1	0.0002821670428893905	0.0008	0.0	56
3545	0.0000000000	0.000000000000000	0.9580759551590026	1	0.00028208744710860365	0.0008	0.0	56
3546	0.0000000000	0.000000000000000	0.9580759551590026	1	0.0002820078962210942	0.0008	0.0	56
3547	0.0000000000	0.000000000000000	0.9580759551590026	1	0.000281928390188892	0.0008	0.0	56
3548	0.0000000000	0.000000000000000	0.9580759551590026	1	0.0002818489289740699	0.0008	0.0	56
3549	0.0000000000	0.000000000000000	0.9580759551590026	1	0.0002817695125387433	0.0008	0.0	56
3550	0.0000000000	0.000000000000000	0.9580759551590026	1	0.00028169014084507044	0.0008	0.0	56
3551	0.0000000000	0.000000000000000	0.9580759551590026	1	0.000281610813855252	0.0008	0.0	56
3552	0.0000000000	0.000000000000000	0.9580759551590026	1	0.00028153153153153153	0.0008	0.0	56
3553	0.0000000000	0.000000000000000	0.9580759551590026	1	0.00028145229383619476	0.0008	0.0	56
3554	0.0000000000	0.000000000000000	0.9580759551590026	1	0.0002813731007315701	0.0008	0.0	56
3555	0.0000000000	0.000000000000000	0.9580759551590026	1	0.00028129395218002813	0.0008	0.0	56
3556	0.0000000000	0.000000000000000	0.9580759551590026	1	0.00028121484814398203	0.0008	0.0	56
3557	0.0000000000	0.000000000000000	0.9580759551590026	1	0.000281135788585887	0.0008	0.0	56
3558	0.0000000000	0.000000000000000	0.9580759551590026	1	0.0002810567734682406	0.0008	0.0	56
3559	0.0000000000	0.000000000000000	0.9580759551590026	1	0.0002809778027535825	0.0008	0.0	56
3560	0.0000000000	0.000000000000000	0.9580759551590026	1	0.0002808988764044944	0.0008	0.0	56
3561	0.0000000000	0.000000000000000	0.9580759551590026	1	0.0002808199943836001	0.0008	0.0	56
3562	0.0000000000	0.000000000000000	0.9580759551590026	1	0.00028074115665356543	0.0008	0.0	56
3563	0.0000000000	0.000000000000000	0.9580759551590026	1	0.000280662363177098	0.0008	0.0	56
3564	0.0000000000	0.000000000000000	0.9580759551590026	1	0.0002805836139169473	0.0008	0.0	56
3565	0.0000000000	0.000000000000000	0.9580759551590026	1	0.00028050490883590464	0.0008	0.0	56
3566	0.0000000000	0.000000000000000	0.9580759551590026	1	0.00028042624789680314	0.0008	0.0	56
3567	0.0000000000	0.000000000000000	0.9580759551590026	1	0.0002803476310625175	0.0008	0.0	56
3568	0.0000000000	0.000000000000000	0.9580759551590026	1	0.0002802690582959641	0.0008	0.0	56
3569	0.0000000000	0.000000000000000	0.9580759551590026	1	0.0002801905295601009	0.0008	0.0	56
3570	0.0000000000	0.000000000000000	0.9580759551590026	1	0.00028011204481792715	0.0008	0.0	56
3571	0.0000000000	0.000000000000000	0.9580759551590026	1	0.0002800336040324839	0.0008	0.0	56
3572	0.0000000000	0.000000000000000	0.9580759551590026	1	0.0002799552071668533	0.0008	0.0	56
3573	0.0000000000	0.000000000000000	0.9580759551590026	1	0.000279876854184159	0.0008	0.0	56
3574	0.0000000000	0.000000000000000	0.9580759551590026	1	0.0002797985450475658	0.0008	0.0	56
3575	0.0000000000	0.000000000000000	0.9580759551590026	1	0.0002797202797202797	0.0008	0.0	56
3576	0.0000000000	0.000000000000000	0.9580759551590026	1	0.0002796420581655481	0.0008	0.0	56
3577	0.0000000000	0.000000000000000	0.9580759551590026	1	0.0002795638803466592	0.0008	0.0	56
3578	0.0000000000	0.000000000000000	0.9580759551590026	1	0.00027948574622694243	0.0008	0.0	56
3579	0.0000000000	0.000000000000000	0.9580759551590026	1	0.0002794076557697681	0.0008	0.0	56
3580	0.0000000000	0.000000000000000	0.9580759551590026	1	0.00027932960893854746	0.0008	0.0	56
3581	0.0000000000	0.000000000000000	0.9580759551590026	1	0.00027925160569673273	0.0008	0.0	56
3582	0.0000000000	0.000000000000000	0.9580759551590026	1	0.00027917364600781687	0.0008	0.0	56
3583	0.0000000000	0.000000000000000	0.9580759551590026	1	0.00027909572983533354	0.0008	0.0	56
3584	0.0000000000	0.000000000000000	0.9580759551590026	1	0.00027901785714285713	0.0008	0.0	56
3585	0.0000000000	0.000000000000000	0.9580759551590026	1	0.0002789400278940028	0.0008	0.0	56
3586	0.0000000000	0.000000000000000	0.9580759551590026	1	0.0002788622420524261	0.0008	0.0	56
3587	0.0000000000	0.000000000000000	0.9580759551590026	1	0.00027878449958182325	0.0008	0.0	56
3588	0.0000000000	0.000000000000000	0.9580759551590026	1	0.0002787068004459309	0.0008	0.0	56
3589	0.0000000000	0.000000000000000	0.9580759551590026	1	0.00027862914460852607	0.0008	0.0	56
3590	0.0000000000	0.000000000000000	0.9580759551590026	1	0.0002785515320334262	0.0008	0.0	56
3591	0.0000000000	0.000000000000000	0.9580759551590026	1	0.000278473962684489	0.0008	0.0	56
3592	0.0000000000	0.000000000000000	0.9580759551590026	1	0.00027839643652561246	0.0008	0.0	56
3593	0.0000000000	0.000000000000000	0.9580759551590026	1	0.00027831895352073476	0.0008	0.0	56
3594	0.0000000000	0.000000000000000	0.9580759551590026	1	0.0002782415136338342	0.0008	0.0	56
3595	0.0000000000	0.000000000000000	0.9580759551590026	1	0.0002781641168289291	0.0008	0.0	56
3596	0.0000000000	0.000000000000000	0.9580759551590026	1	0.00027808676307007786	0.0008	0.0	56
3597	0.0000000000	0.000000000000000	0.9580759551590026	1	0.00027800945232137893	0.0008	0.0	56
3598	0.0000000000	0.000000000000000	0.9580759551590026	1	0.00027793218454697053	0.0008	0.0	56
3599	0.0000000000	0.000000000000000	0.9580759551590026	1	0.0002778549597110308	0.0008	0.0	56
3600	0.0000000000	0.000000000000000	0.9580759551590026	1	0.0002777777777777778	0.0008	0.0	56
3601	0.0000000000	0.000000000000000	0.9580759551590026	1	0.00027770063871146905	0.0008	0.0	56
3602	0.0000000000	0.000000000000000	0.9580759551590026	1	0.000277623542476402	0.0008	0.0	56
3603	0.0000000000	0.000000000000000	0.9580759551590026	1	0.0002775464890369137	0.0008	0.0	56
3604	0.0000000000	0.000000000000000	0.9580759551590026	1	0.0002774694783573807	0.0008	0.0	56
3605	0.0000000000	0.000000000000000	0.9580759551590026	1	0.00027739251040221914	0.0008	0.0	56
3606	0.0000000000	0.000000000000000	0.9580759551590026	1	0.00027731558513588466	0.0008	0.0	56
3607	0.0000000000	0.000000000000000	0.9580759551590026	1	0.0002772387025228722	0.0008	0.0	56
3608	0.0000000000	0.000000000000000	0.9580759551590026	1	0.0002771618625277162	0.0008	0.0	56
3609	0.0000000000	0.000000000000000	0.9580759551590026	1	0.0002770850651149903	0.0008	0.0	56
3610	0.0000000000	0.000000000000000	0.9580759551590026	1	0.0002770083102493075	0.0008	0.0	56
3611	0.0000000000	0.000000000000000	0.9580759551590026	1	0.00027693159789531985	0.0008	0.0	56
3612	0.0000000000	0.000000000000000	0.9580759551590026	1	0.0002768549280177187	0.0008	0.0	56
3613	0.0000000000	0.000000000000000	0.9580759551590026	1	0.0002767783005812344	0.0008	0.0	56
3614	0.0000000000	0.000000000000000	0.9580759551590026	1	0.0002767017155506364	0.0008	0.0	56
3615	0.0000000000	0.000000000000000	0.9580759551590026	1	0.00027662517289073305	0.0008	0.0	56
3616	0.0000000000	0.000000000000000	0.9580759551590026	1	0.0002765486725663717	0.0008	0.0	56
3617	0.0000000000	0.000000000000000	0.9580759551590026	1	0.0002764722145424385	0.0008	0.0	56
3618	0.0000000000	0.000000000000000	0.9580759551590026	1	0.0002763957987838585	0.0008	0.0	56
3619	0.0000000000	0.000000000000000	0.9580759551590026	1	0.00027631942525559546	0.0008	0.0	56
3620	0.0000000000	0.000000000000000	0.9580759551590026	1	0.00027624309392265195	0.0008	0.0	56
3621	0.0000000000	0.000000000000000	0.9580759551590026	1	0.00027616680475006904	0.0008	0.0	56
3622	0.0000000000	0.000000000000000	0.9580759551590026	1	0.0002760905577029266	0.0008	0.0	56
3623	0.0000000000	0.000000000000000	0.9580759551590026	1	0.0002760143527463428	0.0008	0.0	56
3624	0.0000000000	0.000000000000000	0.9580759551590026	1	0.0002759381898454746	0.0008	0.0	56
3625	0.0000000000	0.000000000000000	0.9580759551590026	1	0.00027586206896551725	0.0008	0.0	56
3626	0.0000000000	0.000000000000000	0.9580759551590026	1	0.0002757859900717044	0.0008	0.0	56
3627	0.0000000000	0.000000000000000	0.9580759551590026	1	0.00027570995312930797	0.0008	0.0	56
3628	0.0000000000	0.000000000000000	0.9580759551590026	1	0.0002756339581036384	0.0008	0.0	56
3629	0.0000000000	0.000000000000000	0.9580759551590026	1	0.0002755580049600441	0.0008	0.0	56
3630	0.0000000000	0.000000000000000	0.9580759551590026	1	0.0002754820936639118	0.0008	0.0	56
3631	0.0000000000	0.000000000000000	0.9580759551590026	1	0.0002754062241806665	0.0008	0.0	56
3632	0.0000000000	0.000000000000000	0.9580759551590026	1	0.00027533039647577095	0.0008	0.0	56
3633	0.0000000000	0.000000000000000	0.9580759551590026	1	0.0002752546105147261	0.0008	0.0	56
3634	0.0000000000	0.000000000000000	0.9580759551590026	1	0.000275178866263071	0.0008	0.0	56
3635	0.0000000000	0.000000000000000	0.9580759551590026	1	0.0002751031636863824	0.0008	0.0	56
3636	0.0000000000	0.000000000000000	0.9580759551590026	1	0.000275027502750275	0.0008	0.0	56
3637	0.0000000000	0.000000000000000	0.9580759551590026	1	0.00027495188342040145	0.0008	0.0	56
3638	0.0000000000	0.000000000000000	0.9580759551590026	1	0.0002748763056624519	0.0008	0.0	56
3639	0.0000000000	0.000000000000000	0.9580759551590026	1	0.0002748007694421544	0.0008	0.0	56
3640	0.0000000000	0.000000000000000	0.9580759551590026	1	0.0002747252747252747	0.0008	0.0	56
3641	0.0000000000	0.000000000000000	0.9580759551590026	1	0.00027464982147761604	0.0008	0.0	56
3642	0.0000000000	0.000000000000000	0.9580759551590026	1	0.0002745744096650192	0.0008	0.0	56
3643	0.0000000000	0.000000000000000	0.9580759551590026	1	0.0002744990392533626	0.0008	0.0	56
3644	0.0000000000	0.000000000000000	0.9580759551590026	1	0.00027442371020856203	0.0008	0.0	56
3645	0.0000000000	0.000000000000000	0.9580759551590026	1	0.00027434842249657066	0.0008	0.0	56
3646	0.0000000000	0.000000000000000	0.9580759551590026	1	0.00027427317608337906	0.0008	0.0	56
3647	0.0000000000	0.000000000000000	0.9580759551590026	1	0.00027419797093501506	0.0008	0.0	56
3648	0.0000000000	0.000000000000000	0.9580759551590026	1	0.00027412280701754384	0.0008	0.0	56
3649	0.0000000000	0.000000000000000	0.9580759551590026	1	0.0002740476842970677	0.0008	0.0	56
3650	0.0000000000	0.000000000000000	0.9580759551590026	1	0.000273972602739726	0.0008	0.0	56
3651	0.0000000000	0.000000000000000	0.9580759551590026	1	0.0002738975623116954	0.0008	0.0	56
3652	0.0000000000	0.000000000000000	0.9580759551590026	1	0.0002738225629791895	0.0008	0.0	56
3653	0.0000000000	0.000000000000000	0.9580759551590026	1	0.0002737476047084588	0.0008	0.0	56
3654	0.0000000000	0.000000000000000	0.9580759551590026	1	0.0002736726874657909	0.0008	0.0	56
3655	0.0000000000	0.000000000000000	0.9580759551590026	1	0.00027359781121751026	0.0008	0.0	56
3656	0.0000000000	0.000000000000000	0.9580759551590026	1	0.0002735229759299781	0.0008	0.0	56
3657	0.0000000000	0.000000000000000	0.9580759551590026	1	0.00027344818156959256	0.0008	0.0	56
3658	0.0000000000	0.000000000000000	0.9580759551590026	1	0.0002733734281027884	0.0008	0.0	56
3659	0.0000000000	0.000000000000000	0.9580759551590026	1	0.00027329871549603714	0.0008	0.0	56
3660	0.0000000000	0.000000000000000	0.9580759551590026	1	0.000273224043715847	0.0008	0.0	56
3661	0.0000000000	0.000000000000000	0.9580759551590026	1	0.0002731494127287626	0.0008	0.0	56
3662	0.0000000000	0.000000000000000	0.9580759551590026	1	0.00027307482250136535	0.0008	0.0	56
3663	0.0000000000	0.000000000000000	0.9580759551590026	1	0.000273000273000273	0.0008	0.0	56
3664	0.0000000000	0.000000000000000	0.9580759551590026	1	0.0002729257641921397	0.0008	0.0	56
3665	0.0000000000	0.000000000000000	0.9580759551590026	1	0.00027285129604365623	0.0008	0.0	56
3666	0.0000000000	0.000000000000000	0.9580759551590026	1	0.00027277686852154935	0.0008	0.0	56
3667	0.0000000000	0.000000000000000	0.9580759551590026	1	0.0002727024815925825	0.0008	0.0	56
3668	0.0000000000	0.000000000000000	0.9580759551590026	1	0.0002726281352235551	0.0008	0.0	56
3669	0.0000000000	0.000000000000000	0.9580759551590026	1	0.0002725538293813028	0.0008	0.0	56
3670	0.0000000000	0.000000000000000	0.9580759551590026	1	0.00027247956403269756	0.0008	0.0	56
3671	0.0000000000	0.000000000000000	0.9580759551590026	1	0.00027240533914464724	0.0008	0.0	56
3672	0.0000000000	0.000000000000000	0.9580759551590026	1	0.0002723311546840959	0.0008	0.0	56
3673	0.0000000000	0.000000000000000	0.9580759551590026	1	0.0002722570106180234	0.0008	0.0	56
3674	0.0000000000	0.000000000000000	0.9580759551590026	1	0.00027218290691344586	0.0008	0.0	56
3675	0.0000000000	0.000000000000000	0.9580759551590026	1	0.00027210884353741496	0.0008	0.0	56
3676	0.0000000000	0.000000000000000	0.9580759551590026	1	0.0002720348204570185	0.0008	0.0	56
3677	0.0000000000	0.000000000000000	0.9580759551590026	1	0.0002719608376393799	0.0008	0.0	56
3678	0.0000000000	0.000000000000000	0.9580759551590026	1	0.0002718868950516585	0.0008	0.0	56
3679	0.0000000000	0.000000000000000	0.9580759551590026	1	0.0002718129926610492	0.0008	0.0	56
3680	0.0000000000	0.000000000000000	0.9580759551590026	1	0.0002717391304347826	0.0008	0.0	56
3681	0.0000000000	0.000000000000000	0.9580759551590026	1	0.00027166530834012495	0.0008	0.0	56
3682	0.0000000000	0.000000000000000	0.9580759551590026	1	0.00027159152634437803	0.0008	0.0	56
3683	0.0000000000	0.000000000000000	0.9580759551590026	1	0.00027151778441487917	0.0008	0.0	56
3684	0.0000000000	0.000000000000000	0.9580759551590026	1	0.0002714440825190011	0.0008	0.0	56
3685	0.0000000000	0.000000000000000	0.9580759551590026	1	0.000271370420624152	0.0008	0.0	56
3686	0.0000000000	0.000000000000000	0.9580759551590026	1	0.00027129679869777537	0.0008	0.0	56
3687	0.0000000000	0.000000000000000	0.9580759551590026	1	0.00027122321670735016	0.0008	0.0	56
3688	0.0000000000	0.000000000000000	0.9580759551590026	1	0.00027114967462039046	0.0008	0.0	56
3689	0.0000000000	0.000000000000000	0.9580759551590026	1	0.0002710761724044456	0.0008	0.0	56
3690	0.0000000000	0.000000000000000	0.9580759551590026	1	0.00027100271002710027	0.0008	0.0	56
3691	0.0000000000	0.000000000000000	0.9580759551590026	1	0.000270929287455974	0.0008	0.0	56
3692	0.0000000000	0.000000000000000	0.9580759551590026	1	0.00027085590465872155	0.0008	0.0	56
3693	0.0000000000	0.000000000000000	0.9580759551590026	1	0.00027078256160303275	0.0008	0.0	56
3694	0.0000000000	0.000000000000000	0.9580759551590026	1	0.0002707092582566324	0.0008	0.0	56
3695	0.0000000000	0.000000000000000	0.9580759551590026	1	0.00027063599458728013	0.0008	0.0	56
3696	0.0000000000	0.000000000000000	0.9580759551590026	1	0.00027056277056277056	0.0008	0.0	56
3697	0.0000000000	0.000000000000000	0.0	0	0.0005409791723018664	0.0008	0.0	56
3698	0.0000000000	0.000000000000000	0.0	0	0.0005408328826392645	0.0008	0.0	56
3699	0.0000000000	0.000000000000000	0.0	0	0.0005406866720735334	0.0008	0.0	56
3700	0.0000000000	0.000000000000000	0.0	0	0.0005405405405405405	0.0008	0.0	56
3701	0.0000000000	0.000000000000000	0.0	0	0.0005403944879762226	0.0008	0.0	56
3702	0.0000000000	0.000000000000000	0.0	0	0.0005402485143165856	0.0008	0.0	56
3703	0.0000000000	0.000000000000000	0.0	0	0.0005401026194977045	0.0008	0.0	56
3704	0.0000000000	0.000000000000000	0.0	0	0.0005399568034557236	0.0008	0.0	56
3705	0.0000000000	0.000000000000000	0.0	0	0.0005398110661268556	0.0008	0.0	56
3706	0.0000000000	0.000000000000000	0.0	0	0.0005396654074473826	0.0008	0.0	56
3707	0.0000000000	0.000000000000000	0.0	0	0.0005395198273536552	0.0008	0.0	56
3708	0.0000000000	0.000000000000000	0.0	0	0.0005393743257820927	0.0008	0.0	56
3709	0.0000000000	0.000000000000000	0.0	0	0.0005392289026691831	0.0008	0.0	56
3710	0.0000000000	0.000000000000000	0.0	0	0.0005390835579514825	0.0008	0.0	56
3711	0.0000000000	0.000000000000000	0.0	0	0.0005389382915656157	0.0008	0.0	56
3712	0.0000000000	0.000000000000000	0.0	0	0.0005387931034482759	0.0008	0.0	56
3713	0.0000000000	0.000000000000000	0.0	0	0.0005386479935362241	0.0008	0.0	56
3714	0.0000000000	0.000000000000000	0.0	0	0.0005385029617662897	0.0008	0.0	56
3715	0.0000000000	0.000000000000000	0.0	0	0.0005383580080753701	0.0008	0.0	56
3716	0.0000000000	0.000000000000000	0.0	0	0.0005382131324004305	0.0008	0.0	56
3717	0.0000000000	0.000000000000000	0.0	0	0.0005380683346785041	0.0008	0.0	56
3718	0.0000000000	0.000000000000000	0.0	0	0.0005379236148466917	0.0008	0.0	56
3719	0.0000000000	0.000000000000000	0.0	0	0.0005377789728421619	0.0008	0.0	56
3720	0.0000000000	0.000000000000000	0.0	0	0.0005376344086021505	0.0008	0.0	56
3721	0.0000000000	0.000000000000000	0.0	0	0.0005374899220639613	0.0008	0.0	56
3722	0.0000000000	0.000000000000000	0.0	0	0.0005373455131649651	0.0008	0.0	56
3723	0.0000000000	0.000000000000000	0.0	0	0.0005372011818426001	0.0008	0.0	56
3724	0.0000000000	0.000000000000000	0.0	0	0.0005370569280343716	0.0008	0.0	56
3725	0.0000000000	0.000000000000000	0.0	0	0.0005369127516778523	0.0008	0.0	56
3726	0.0000000000	0.000000000000000	0.0	0	0.0005367686527106817	0.0008	0.0	56
3727	0.0000000000	0.000000000000000	0.0	0	0.0005366246310705661	0.0008	0.0	56
3728	0.0000000000	0.000000000000000	0.0	0	0.000536480686695279	0.0008	0.0	56
3729	0.0000000000	0.000000000000000	0.0	0	0.0005363368195226602	0.0008	0.0	56
3730	0.0000000000	0.000000000000000	0.0	0	0.0005361930294906167	0.0008	0.0	56
3731	0.0000000000	0.000000000000000	0.0	0	0.0005360493165371214	0.0008	0.0	56
3732	0.0000000000	0.000000000000000	0.0	0	0.0005359056806002144	0.0008	0.0	56
3733	0.0000000000	0.000000000000000	0.0	0	0.0005357621216180017	0.0008	0.0	56
3734	0.0000000000	0.000000000000000	0.0	0	0.0005356186395286556	0.0008	0.0	56
3735	0.0000000000	0.000000000000000	0.0	0	0.000535475234270415	0.0008	0.0	56
3736	0.0000000000	0.000000000000000	0.0	0	0.0005353319057815846	0.0008	0.0	56
3737	0.0000000000	0.000000000000000	0.0	0	0.0005351886540005352	0.0008	0.0	56
3738	0.0000000000	0.000000000000000	0.0	0	0.0005350454788657035	0.0008	0.0	56
3739	0.0000000000	0.000000000000000	0.0	0	0.0005349023803155924	0.0008	0.0	56
3740	0.0000000000	0.000000000000000	0.0	0	0.0005347593582887701	0.0008	0.0	56
3741	0.0000000000	0.000000000000000	0.0	0	0.0005346164127238706	0.0008	0.0	56
3742	0.0000000000	0.000000000000000	0.0	0	0.0005344735435595938	0.0008	0.0	56
3743	0.0000000000	0.000000000000000	0.0	0	0.0005343307507347048	0.0008	0.0	56
3744	0.0000000000	0.000000000000000	0.0	0	0.0005341880341880342	0.0008	0.0	56
3745	0.0000000000	0.000000000000000	0.0	0	0.000534045393858478	0.0008	0.0	56
3746	0.0000000000	0.000000000000000	0.0	0	0.0005339028296849973	0.0008	0.0	56
3747	0.0000000000	0.000000000000000	0.0	0	0.0005337603416066186	0.0008	0.0	56
3748	0.0000000000	0.000000000000000	0.0	0	0.0005336179295624333	0.0008	0.0	56
3749	0.0000000000	0.000000000000000	0.0	0	0.0005334755934915977	0.0008	0.0	56
3750	0.0000000000	0.000000000000000	0.0	0	0.0005333333333333334	0.0008	0.0	56
3751	0.0000000000	0.000000000000000	0.0	0	0.0005331911490269261	0.0008	0.0	56
3752	0.0000000000	0.000000000000000	0.0	0	0.0005330490405117271	0.0008	0.0	56
3753	0.0000000000	0.000000000000000	0.0	0	0.0005329070077271516	0.0008	0.0	56
3754	0.0000000000	0.000000000000000	0.0	0	0.0005327650506126798	0.0008	0.0	56
3755	0.0000000000	0.000000000000000	0.0	0	0.0005326231691078562	0.0008	0.0	56
3756	0.0000000000	0.000000000000000	0.0	0	0.0005324813631522897	0.0008	0.0	56
3757	0.0000000000	0.000000000000000	0.0	0	0.0005323396326856535	0.0008	0.0	56
3758	0.0000000000	0.000000000000000	0.0	0	0.0005321979776476849	0.0008	0.0	56
3759	0.0000000000	0.000000000000000	0.0	0	0.0005320563979781857	0.0008	0.0	56
3760	0.0000000000	0.000000000000000	0.0	0	0.0005319148936170213	0.0008	0.0	56
3761	0.0000000000	0.000000000000000	0.0	0	0.0005317734645041213	0.0008	0.0	56
3762	0.0000000000	0.000000000000000	0.0	0	0.000531632110579479	0.0008	0.0	56
3763	0.0000000000	0.000000000000000	0.0	0	0.0005314908317831517	0.0008	0.0	56
3764	0.0000000000	0.000000000000000	0.0	0	0.0005313496280552603	0.0008	0.0	56
3765	0.0000000000	0.000000000000000	0.0	0	0.0005312084993359894	0.0008	0.0	56
3766	0.0000000000	0.000000000000000	0.0	0	0.0005310674455655868	0.0008	0.0	56
3767	0.0000000000	0.000000000000000	0.0	0	0.0005309264666843643	0.0008	0.0	56
3768	0.0000000000	0.000000000000000	0.0	0	0.0005307855626326964	0.0008	0.0	56
3769	0.0000000000	0.000000000000000	0.0	0	0.0005306447333510214	0.0008	0.0	56
3770	0.0000000000	0.000000000000000	0.0	0	0.0005305039787798408	0.0008	0.0	56
3771	0.0000000000	0.000000000000000	0.0	0	0.0005303632988597189	0.0008	0.0	56
3772	0.0000000000	0.000000000000000	0.0	0	0.0005302226935312832	0.0008	0.0	56
3773	0.0000000000	0.000000000000000	0.0	0	0.0005300821627352239	0.0008	0.0	56
3774	0.0000000000	0.000000000000000	0.0	0	0.0005299417064122947	0.0008	0.0	56
3775	0.0000000000	0.000000000000000	0.0	0	0.0005298013245033113	0.0008	0.0	56
3776	0.0000000000	0.000000000000000	0.0	0	0.0005296610169491525	0.0008	0.0	56
3777	0.0000000000	0.000000000000000	0.0	0	0.0005295207836907599	0.0008	0.0	56
3778	0.0000000000	0.000000000000000	0.0	0	0.0005293806246691371	0.0008	0.0	56
3779	0.0000000000	0.000000000000000	0.0	0	0.0005292405398253506	0.0008	0.0	56
3780	0.0000000000	0.000000000000000	0.0	0	0.0005291005291005291	0.0008	0.0	56
3781	0.0000000000	0.000000000000000	0.0	0	0.0005289605924358636	0.0008	0.0	56
3782	0.0000000000	0.000000000000000	0.0	0	0.0005288207297726071	0.0008	0.0	56
3783	0.0000000000	0.000000000000000	0.0	0	0.000528680941052075	0.0008	0.0	56
3784	0.0000000000	0.000000000000000	0.0	0	0.0005285412262156448	0.0008	0.0	56
3785	0.0000000000	0.000000000000000	0.0	0	0.0005284015852047556	0.0008	0.0	56
3786	0.0000000000	0.000000000000000	0.0	0	0.0005282620179609086	0.0008	0.0	56
3787	0.0000000000	0.000000000000000	0.0	0	0.0005281225244256667	0.0008	0.0	56
3788	0.0000000000	0.000000000000000	0.0	0	0.0005279831045406547	0.0008	0.0	56
3789	0.0000000000	0.000000000000000	0.0	0	0.0005278437582475588	0.0008	0.0	56
3790	0.0000000000	0.000000000000000	0.0	0	0.0005277044854881266	0.0008	0.0	56
3791	0.0000000000	0.000000000000000	0.0	0	0.0005275652862041678	0.0008	0.0	56
3792	0.0000000000	0.000000000000000	0.0	0	0.0005274261603375527	0.0008	0.0	56
3793	0.0000000000	0.000000000000000	0.0	0	0.0005272871078302136	0.0008	0.0	56
3794	0.0000000000	0.000000000000000	0.0	0	0.0005271481286241434	0.0008	0.0	56
3795	0.0000000000	0.000000000000000	0.0	0	0.0005270092226613965	0.0008	0.0	56
3796	0.0000000000	0.000000000000000	0.0	0	0.0005268703898840885	0.0008	0.0	56
3797	0.0000000000	0.000000000000000	0.0	0	0.0005267316302343956	0.0008	0.0	56
3798	0.0000000000	0.000000000000000	0.0	0	0.000526592943654555	0.0008	0.0	56
3799	0.0000000000	0.000000000000000	0.0	0	0.0005264543300868649	0.0008	0.0	56
3800	0.0000000000	0.000000000000000	0.0	0	0.0005263157894736842	0.0008	0.0	56
3801	0.0000000000	0.000000000000000	0.0	0	0.0005261773217574323	0.0008	0.0	56
3802	0.0000000000	0.000000000000000	0.0	0	0.0005260389268805891	0.0008	0.0	56
3803	0.0000000000	0.000000000000000	0.0	0	0.0005259006047856955	0.0008	0.0	56
3804	0.0000000000	0.000000000000000	0.0	0	0.0005257623554153522	0.0008	0.0	56
3805	0.0000000000	0.000000000000000	0.0	0	0.0005256241787122207	0.0008	0.0	56
3806	0.0000000000	0.000000000000000	0.0	0	0.0005254860746190226	0.0008	0.0	56
3807	0.0000000000	0.000000000000000	0.0	0	0.0005253480430785396	0.0008	0.0	56
3808	0.0000000000	0.000000000000000	0.0	0	0.0005252100840336134	0.0008	0.0	56
3809	0.0000000000	0.000000000000000	0.0	0	0.0005250721974271463	0.0008	0.0	56
3810	0.0000000000	0.000000000000000	0.0	0	0.0005249343832020997	0.0008	0.0	56
3811	0.0000000000	0.000000000000000	0.0	0	0.0005247966413014956	0.0008	0.0	56
3812	0.0000000000	0.000000000000000	0.0	0	0.0005246589716684155	0.0008	0.0	56
3813	0.0000000000	0.000000000000000	0.0	0	0.0005245213742460005	0.0008	0.0	56
3814	0.0000000000	0.000000000000000	0.0	0	0.0005243838489774515	0.0008	0.0	56
3815	0.0000000000	0.000000000000000	0.0	0	0.0005242463958060288	0.0008	0.0	56
3816	0.0000000000	0.000000000000000	0.0	0	0.0005241090146750524	0.0008	0.0	56
3817	0.0000000000	0.000000000000000	0.0	0	0.0005239717055279015	0.0008	0.0	56
3818	0.0000000000	0.000000000000000	0.0	0	0.0005238344683080147	0.0008	0.0	56
3819	0.0000000000	0.000000000000000	0.0	0	0.0005236973029588898	0.0008	0.0	56
3820	0.0000000000	0.000000000000000	0.0	0	0.0005235602094240838	0.0008	0.0	56
3821	0.0000000000	0.000000000000000	0.0	0	0.0005234231876472127	0.0008	0.0	56
3822	0.0000000000	0.000000000000000	0.0	0	0.0005232862375719519	0.0008	0.0	56
3823	0.0000000000	0.000000000000000	0.0	0	0.000523149359142035	0.0008	0.0	56
3824	0.0000000000	0.000000000000000	0.0	0	0.0005230125523012552	0.0008	0.0	56
3825	0.0000000000	0.000000000000000	0.0	0	0.0005228758169934641	0.0008	0.0	56
3826	0.0000000000	0.000000000000000	0.0	0	0.0005227391531625719	0.0008	0.0	56
3827	0.0000000000	0.000000000000000	0.0	0	0.0005226025607525476	0.0008	0.0	56
3828	0.0000000000	0.000000000000000	0.0	0	0.0005224660397074191	0.0008	0.0	56
3829	0.0000000000	0.000000000000000	0.0	0	0.0005223295899712719	0.0008	0.0	56
3830	0.0000000000	0.000000000000000	0.0	0	0.0005221932114882506	0.0008	0.0	56
3831	0.0000000000	0.000000000000000	0.0	0	0.0005220569042025581	0.0008	0.0	56
3832	0.0000000000	0.000000000000000	0.0	0	0.0005219206680584551	0.0008	0.0	56
3833	0.0000000000	0.000000000000000	0.0	0	0.0005217845030002609	0.0008	0.0	56
3834	0.0000000000	0.000000000000000	0.0	0	0.0005216484089723526	0.0008	0.0	56
3835	0.0000000000	0.000000000000000	0.0	0	0.0005215123859191656	0.0008	0.0	56
3836	0.0000000000	0.000000000000000	0.0	0	0.0005213764337851929	0.0008	0.0	56
3837	0.0000000000	0.000000000000000	0.0	0	0.0005212405525149857	0.0008	0.0	56
3838	0.0000000000	0.000000000000000	0.0	0	0.0005211047420531526	0.0008	0.0	56
3839	0.0000000000	0.000000000000000	0.0	0	0.0005209690023443605	0.0008	0.0	56
3840	0.0000000000	0.000000000000000	0.0	0	0.0005208333333333333	0.0008	0.0	56
3841	0.0000000000	0.000000000000000	0.0	0	0.000520697734964853	0.0008	0.0	56
3842	0.0000000000	0.000000000000000	0.0	0	0.0005205622071837585	0.0008	0.0	56
3843	0.0000000000	0.000000000000000	0.0	0	0.0005204267499349467	0.0008	0.0	56
3844	0.0000000000	0.000000000000000	0.0	0	0.0005202913631633715	0.0008	0.0	56
3845	0.0000000000	0.000000000000000	0.0	0	0.0005201560468140442	0.0008	0.0	56
3846	0.0000000000	0.000000000000000	0.0	0	0.0005200208008320333	0.0008	0.0	56
3847	0.0000000000	0.000000000000000	0.0	0	0.0005198856251624642	0.0008	0.0	56
3848	0.0000000000	0.000000000000000	0.0	0	0.0005197505197505198	0.0008	0.0	56
3849	0.0000000000	0.000000000000000	0.0	0	0.0005196154845414394	0.0008	0.0	56
3850	0.0000000000	0.000000000000000	0.0	0	0.0005194805194805195	0.0008	0.0	56
3851	0.0000000000	0.000000000000000	0.0	0	0.0005193456245131135	0.0008	0.0	56
3852	0.0000000000	0.000000000000000	0.0	0	0.0005192107995846313	0.0008	0.0	56
3853	0.0000000000	0.000000000000000	0.0	0	0.0005190760446405398	0.0008	0.0	56
3854	0.0000000000	0.000000000000000	0.0	0	0.0005189413596263622	0.0008	0.0	56
3855	0.0000000000	0.000000000000000	0.0	0	0.0005188067444876783	0.0008	0.0	56
3856	0.0000000000	0.000000000000000	0.0	0	0.0005186721991701245	0.0008	0.0	56
3857	0.0000000000	0.000000000000000	0.0	0	0.0005185377236193933	0.0008	0.0	56
3858	0.0000000000	0.000000000000000	0.0	0	0.0005184033177812338	0.0008	0.0	56
3859	0.0000000000	0.000000000000000	0.0	0	0.0005182689816014512	0.0008	0.0	56
3860	0.0000000000	0.000000000000000	0.0	0	0.0005181347150259067	0.0008	0.0	56
3861	0.0000000000	0.000000000000000	0.0	0	0.000518000518000518	0.0008	0.0	56
3862	0.0000000000	0.000000000000000	0.0	0	0.0005178663904712584	0.0008	0.0	56
3863	0.0000000000	0.000000000000000	0.0	0	0.0005177323323841574	0.0008	0.0	56
3864	0.0000000000	0.000000000000000	0.0	0	0.0005175983436853002	0.0008	0.0	56
3865	0.0000000000	0.000000000000000	0.0	0	0.000517464424320828	0.0008	0.0	56
3866	0.0000000000	0.000000000000000	0.0	0	0.0005173305742369374	0.0008	0.0	56
3867	0.0000000000	0.000000000000000	0.0	0	0.000517196793379881	0.0008	0.0	56
3868	0.0000000000	0.000000000000000	0.0	0	0.000517063081695967	0.0008	0.0	56
3869	0.0000000000	0.000000000000000	0.0	0	0.0005169294391315585	0.0008	0.0	56
3870	0.0000000000	0.000000000000000	0.0	0	0.0005167958656330749	0.0008	0.0	56
3871	0.0000000000	0.000000000000000	0.0	0	0.0005166623611469904	0.0008	0.0	56
3872	0.0000000000	0.000000000000000	0.0	0	0.0005165289256198347	0.0008	0.0	56
3873	0.0000000000	0.000000000000000	0.0	0	0.0005163955589981926	0.0008	0.0	56
3874	0.0000000000	0.000000000000000	0.0	0	0.0005162622612287042	0.0008	0.0	56
3875	0.0000000000	0.000000000000000	0.0	0	0.0005161290322580645	0.0008	0.0	56
3876	0.0000000000	0.000000000000000	0.0	0	0.0005159958720330237	0.0008	0.0	56
3877	0.0000000000	0.000000000000000	0.0	0	0.0005158627805003869	0.0008	0.0	56
3878	0.0000000000	0.000000000000000	0.0	0	0.0005157297576070139	0.0008	0.0	56
3879	0.0000000000	0.000000000000000	0.0	0	0.0005155968032998196	0.0008	0.0	56
3880	0.0000000000	0.000000000000000	0.0	0	0.0005154639175257732	0.0008	0.0	56
3881	0.0000000000	0.000000000000000	0.0	0	0.000515331100231899	0.0008	0.0	56
3882	0.0000000000	0.000000000000000	0.0	0	0.0005151983513652757	0.0008	0.0	56
3883	0.0000000000	0.000000000000000	0.0	0	0.0005150656708730364	0.0008	0.0	56
3884	0.0000000000	0.000000000000000	0.0	0	0.0005149330587023687	0.0008	0.0	56
3885	0.0000000000	0.000000000000000	0.0	0	0.0005148005148005148	0.0008	0.0	56
3886	0.0000000000	0.000000000000000	0.0	0	0.000514668039114771	0.0008	0.0	56
3887	0.0000000000	0.000000000000000	0.0	0	0.0005145356315924878	0.0008	0.0	56
3888	0.0000000000	0.000000000000000	0.0	0	0.00051440329218107	0.0008	0.0	56
3889	0.0000000000	0.000000000000000	0.0	0	0.0005142710208279763	0.0008	0.0	56
3890	0.0000000000	0.000000000000000	0.0	0	0.0005141388174807198	0.0008	0.0	56
3891	0.0000000000	0.000000000000000	0.0	0	0.0005140066820868671	0.0008	0.0	56
3892	0.0000000000	0.000000000000000	0.0	0	0.0005138746145940391	0.0008	0.0	56
3893	0.0000000000	0.000000000000000	0.0	0	0.0005137426149499101	0.0008	0.0	56
3894	0.0000000000	0.000000000000000	0.0	0	0.0005136106831022085	0.0008	0.0	56
3895	0.0000000000	0.000000000000000	0.0	0	0.0005134788189987163	0.0008	0.0	56
3896	0.0000000000	0.000000000000000	0.0	0	0.000513347022587269	0.0008	0.0	56
3897	0.0000000000	0.000000000000000	0.0	0	0.0005132152938157557	0.0008	0.0	56
3898	0.0000000000	0.000000000000000	0.0	0	0.000513083632632119	0.0008	0.0	56
3899	0.0000000000	0.000000000000000	0.0	0	0.0005129520389843549	0.0008	0.0	56
3900	0.0000000000	0.000000000000000	0.0	0	0.0005128205128205128	0.0008	0.0	56
3901	0.0000000000	0.000000000000000	0.0	0	0.0005126890540886952	0.0008	0.0	56
3902	0.0000000000	0.000000000000000	0.0	0	0.0005125576627370579	0.0008	0.0	56
3903	0.0000000000	0.000000000000000	0.0	0	0.0005124263387138099	0.0008	0.0	56
3904	0.0000000000	0.000000000000000	0.0	0	0.0005122950819672131	0.0008	0.0	56
3905	0.0000000000	0.000000000000000	0.0	0	0.0005121638924455825	0.0008	0.0	56
3906	0.0000000000	0.000000000000000	0.0	0	0.0005120327700972862	0.0008	0.0	56
3907	0.0000000000	0.000000000000000	0.0	0	0.0005119017148707448	0.0008	0.0	56
3908	0.0000000000	0.000000000000000	0.0	0	0.0005117707267144319	0.0008	0.0	56
3909	0.0000000000	0.000000000000000	0.0	0	0.0005116398055768739	0.0008	0.0	56
3910	0.0000000000	0.000000000000000	0.0	0	0.0005115089514066496	0.0008	0.0	56
3911	0.0000000000	0.000000000000000	0.0	0	0.0005113781641523907	0.0008	0.0	56
3912	0.0000000000	0.000000000000000	0.0	0	0.0005112474437627812	0.0008	0.0	56
3913	0.0000000000	0.000000000000000	0.0	0	0.0005111167901865576	0.0008	0.0	56
3914	0.0000000000	0.000000000000000	0.0	0	0.000510986203372509	0.0008	0.0	56
3915	0.0000000000	0.000000000000000	0.0	0	0.0005108556832694764	0.0008	0.0	56
3916	0.0000000000	0.000000000000000	0.0	0	0.0005107252298263534	0.0008	0.0	56
3917	0.0000000000	0.000000000000000	0.0	0	0.0005105948429920858	0.0008	0.0	56
3918	0.0000000000	0.000000000000000	0.0	0	0.0005104645227156713	0.0008	0.0	56
3919	0.0000000000	0.000000000000000	0.0	0	0.0005103342689461597	0.0008	0.0	56
3920	0.0000000000	0.000000000000000	0.0	0	0.0005102040816326531	0.0008	0.0	56
3921	0.0000000000	0.000000000000000	0.0	0	0.000510073960724305	0.0008	0.0	56
3922	0.0000000000	0.000000000000000	0.0	0	0.0005099439061703213	0.0008	0.0	56
3923	0.0000000000	0.000000000000000	0.0	0	0.0005098139179199592	0.0008	0.0	56
3924	0.0000000000	0.000000000000000	0.0	0	0.0005096839959225281	0.0008	0.0	56
3925	0.0000000000	0.000000000000000	0.0	0	0.0005095541401273885	0.0008	0.0	56
3926	0.0000000000	0.000000000000000	0.0	0	0.0005094243504839531	0.0008	0.0	56
3927	0.0000000000	0.000000000000000	0.0	0	0.0005092946269416857	0.0008	0.0	56
3928	0.0000000000	0.000000000000000	0.0	0	0.0005091649694501018	0.0008	0.0	56
3929	0.0000000000	0.000000000000000	0.0	0	0.0005090353779587681	0.0008	0.0	56
3930	0.0000000000	0.000000000000000	0.0	0	0.0005089058524173028	0.0008	0.0	56
3931	0.0000000000	0.000000000000000	0.0	0	0.0005087763927753752	0.0008	0.0	56
3932	0.0000000000	0.000000000000000	0.0	0	0.000508646998982706	0.0008	0.0	56
3933	0.0000000000	0.000000000000000	0.0	0	0.0005085176709890668	0.0008	0.0	56
3934	0.0000000000	0.000000000000000	0.0	0	0.0005083884087442806	0.0008	0.0	56
3935	0.0000000000	0.000000000000000	0.0	0	0.0005082592121982211	0.0008	0.0	56
3936	0.0000000000	0.000000000000000	0.0	0	0.0005081300813008131	0.0008	0.0	56
3937	0.0000000000	0.000000000000000	0.0	0	0.000508001016002032	0.0008	0.0	56
3938	0.0000000000	0.000000000000000	0.0	0	0.0005078720162519045	0.0008	0.0	56
3939	0.0000000000	0.000000000000000	0.0	0	0.0005077430820005078	0.0008	0.0	56
3940	0.0000000000	0.000000000000000	0.0	0	0.0005076142131979696	0.0008	0.0	56
3941	0.0000000000	0.000000000000000	0.0	0	0.0005074854097944684	0.0008	0.0	56
3942	0.0000000000	0.000000000000000	0.0	0	0.0005073566717402334	0.0008	0.0	56
3943	0.0000000000	0.000000000000000	0.0	0	0.000507227998985544	0.0008	0.0	56
3944	0.0000000000	0.000000000000000	0.0	0	0.0005070993914807302	0.0008	0.0	56
3945	0.0000000000	0.000000000000000	0.0	0	0.0005069708491761723	0.0008	0.0	56
3946	0.0000000000	0.000000000000000	0.0	0	0.0005068423720223011	0.0008	0.0	56
3947	0.0000000000	0.000000000000000	0.0	0	0.0005067139599695972	0.0008	0.0	56
3948	0.0000000000	0.000000000000000	0.0	0	0.0005065856129685917	0.0008	0.0	56
3949	0.0000000000	0.000000000000000	0.0	0	0.0005064573309698658	0.0008	0.0	56
3950	0.0000000000	0.000000000000000	0.0	0	0.0005063291139240507	0.0008	0.0	56
3951	0.0000000000	0.000000000000000	0.0	0	0.0005062009617818274	0.0008	0.0	56
3952	0.0000000000	0.000000000000000	0.0	0	0.0005060728744939271	0.0008	0.0	56
3953	0.0000000000	0.000000000000000	0.0	0	0.0005059448520111307	0.0008	0.0	56
3954	0.0000000000	0.000000000000000	0.0	0	0.0005058168942842691	0.0008	0.0	56
3955	0.0000000000	0.000000000000000	0.0	0	0.0005056890012642225	0.0008	0.0	56
3956	0.0000000000	0.000000000000000	0.0	0	0.0005055611729019212	0.0008	0.0	56
3957	0.0000000000	0.000000000000000	0.0	0	0.0005054334091483447	0.0008	0.0	56
3958	0.0000000000	0.000000000000000	0.0	0	0.0005053057099545225	0.0008	0.0	56
3959	0.0000000000	0.000000000000000	0.0	0	0.0005051780752715333	0.0008	0.0	56
3960	0.0000000000	0.000000000000000	0.0	0	0.000505050505050505	0.0008	0.0	56
3961	0.0000000000	0.000000000000000	0.0	0	0.0005049229992426155	0.0008	0.0	56
3962	0.0000000000	0.000000000000000	0.0	0	0.0005047955577990914	0.0008	0.0	56
3963	0.0000000000	0.000000000000000	0.0	0	0.0005046681806712087	0.0008	0.0	56
3964	0.0000000000	0.000000000000000	0.0	0	0.0005045408678102926	0.0008	0.0	56
3965	0.0000000000	0.000000000000000	0.0	0	0.0005044136191677175	0.0008	0.0	56
3966	0.0000000000	0.000000000000000	0.0	0	0.0005042864346949068	0.0008	0.0	56
3967	0.0000000000	0.000000000000000	0.0	0	0.0005041593143433325	0.0008	0.0	56
3968	0.0000000000	0.000000000000000	0.0	0	0.0005040322580645161	0.0008	0.0	56
3969	0.0000000000	0.000000000000000	0.0	0	0.0005039052658100278	0.0008	0.0	56
3970	0.0000000000	0.000000000000000	0.0	0	0.0005037783375314861	0.0008	0.0	56
3971	0.0000000000	0.000000000000000	0.0	0	0.000503651473180559	0.0008	0.0	56
3972	0.0000000000	0.000000000000000	0.0	0	0.0005035246727089627	0.0008	0.0	56
3973	0.0000000000	0.000000000000000	0.0	0	0.0005033979360684622	0.0008	0.0	56
3974	0.0000000000	0.000000000000000	0.0	0	0.0005032712632108706	0.0008	0.0	56
3975	0.0000000000	0.000000000000000	0.0	0	0.0005031446540880503	0.0008	0.0	56
3976	0.0000000000	0.000000000000000	0.0	0	0.0005030181086519115	0.0008	0.0	56
3977	0.0000000000	0.000000000000000	0.0	0	0.0005028916268544129	0.0008	0.0	56
3978	0.0000000000	0.000000000000000	0.0	0	0.0005027652086475615	0.0008	0.0	56
3979	0.0000000000	0.000000000000000	0.0	0	0.0005026388539834129	0.0008	0.0	56
3980	0.0000000000	0.000000000000000	0.0	0	0.0005025125628140704	0.0008	0.0	56
3981	0.0000000000	0.000000000000000	0.0	0	0.0005023863350916855	0.0008	0.0	56
3982	0.0000000000	0.000000000000000	0.0	0	0.0005022601707684581	0.0008	0.0	56
3983	0.0000000000	0.000000000000000	0.0	0	0.0005021340697966357	0.0008	0.0	56
3984	0.0000000000	0.000000000000000	0.0	0	0.000502008032128514	0.0008	0.0	56
3985	0.0000000000	0.000000000000000	0.0	0	0.0005018820577164366	0.0008	0.0	56
3986	0.0000000000	0.000000000000000	0.0	0	0.0005017561465127947	0.0008	0.0	56
3987	0.0000000000	0.000000000000000	0.0	0	0.0005016302984700275	0.0008	0.0	56
3988	0.0000000000	0.000000000000000	0.0	0	0.0005015045135406219	0.0008	0.0	56
3989	0.0000000000	0.000000000000000	0.0	0	0.000501378791677112	0.0008	0.0	56
3990	0.0000000000	0.000000000000000	0.0	0	0.0005012531328320802	0.0008	0.0	56
3991	0.0000000000	0.000000000000000	0.0	0	0.0005011275369581559	0.0008	0.0	56
3992	0.0000000000	0.000000000000000	0.0	0	0.000501002004008016	0.0008	0.0	56
3993	0.0000000000	0.000000000000000	0.0	0	0.0005008765339343851	0.0008	0.0	56
3994	0.0000000000	0.000000000000000	0.0	0	0.000500751126690035	0.0008	0.0	56
3995	0.0000000000	0.000000000000000	0.0	0	0.0005006257822277847	0.0008	0.0	56
3996	0.0000000000	0.000000000000000	0.0	0	0.0005005005005005005	0.0008	0.0	56
3997	0.0000000000	0.000000000000000	0.0	0	0.0005003752814610958	0.0008	0.0	56
3998	0.0000000000	0.000000000000000	0.0	0	0.0005002501250625312	0.0008	0.0	56
3999	0.0000000000	0.000000000000000	0.0	0	0.0005001250312578145	0.0008	0.0	56
4000	0.0000000000	0.000000000000000	0.0	0	0.0005	0.0008	0.0	56
4001	0.0000000000	0.000000000000000	0.0	0	0.0004998750312421895	0.0008	0.0	56
4002	0.0000000000	0.000000000000000	0.0	0	0.0004997501249375312	0.0008	0.0	56
4003	0.0000000000	0.000000000000000	0.0	0	0.0004996252810392206	0.0008	0.0	56
4004	0.0000000000	0.000000000000000	0.0	0	0.0004995004995004995	0.0008	0.0	56
4005	0.0000000000	0.000000000000000	0.0	0	0.0004993757802746567	0.0008	0.0	56
4006	0.0000000000	0.000000000000000	0.0	0	0.0004992511233150275	0.0008	0.0	56
4007	0.0000000000	0.000000000000000	0.0	0	0.0004991265285749938	0.0008	0.0	56
4008	0.0000000000	0.000000000000000	0.0	0	0.000499001996007984	0.0008	0.0	56
4009	0.0000000000	0.000000000000000	0.0	0	0.0004988775255674732	0.0008	0.0	56
4010	0.0000000000	0.000000000000000	0.0	0	0.0004987531172069825	0.0008	0.0	56
4011	0.0000000000	0.000000000000000	0.0	0	0.0004986287708800798	0.0008	0.0	56
4012	0.0000000000	0.000000000000000	0.0	0	0.0004985044865403788	0.0008	0.0	56
4013	0.0000000000	0.000000000000000	0.0	0	0.00049838026414154	0.0008	0.0	56
4014	0.0000000000	0.000000000000000	0.0	0	0.0004982561036372695	0.0008	0.0	56
4015	0.0000000000	0.000000000000000	0.0	0	0.00049813200498132	0.0008	0.0	56
4016	0.0000000000	0.000000000000000	0.0	0	0.00049800796812749	0.0008	0.0	56
4017	0.0000000000	0.000000000000000	0.0	0	0.0004978839930296241	0.0008	0.0	56
4018	0.0000000000	0.000000000000000	0.0	0	0.0004977600796416127	0.0008	0.0	56
4019	0.0000000000	0.000000000000000	0.0	0	0.0004976362279173924	0.0008	0.0	56
4020	0.0000000000	0.000000000000000	0.0	0	0.0004975124378109452	0.0008	0.0	56
4021	0.0000000000	0.000000000000000	0.0	0	0.0004973887092762995	0.0008	0.0	56
4022	0.0000000000	0.000000000000000	0.0	0	0.0004972650422675286	0.0008	0.0	56
4023	0.0000000000	0.000000000000000	0.0	0	0.0004971414367387521	0.0008	0.0	56
4024	0.0000000000	0.000000000000000	0.0	0	0.0004970178926441351	0.0008	0.0	56
4025	0.0000000000	0.000000000000000	0.0	0	0.0004968944099378882	0.0008	0.0	56
4026	0.0000000000	0.000000000000000	0.0	0	0.0004967709885742673	0.0008	0.0	56
4027	0.0000000000	0.000000000000000	0.0	0	0.0004966476285075739	0.0008	0.0	56
4028	0.0000000000	0.000000000000000	0.0	0	0.0004965243296921549	0.0008	0.0	56
4029	0.0000000000	0.000000000000000	0.0	0	0.0004964010920824026	0.0008	0.0	56
4030	0.0000000000	0.000000000000000	0.0	0	0.0004962779156327543	0.0008	0.0	56
4031	0.0000000000	0.000000000000000	0.0	0	0.0004961548002976929	0.0008	0.0	56
4032	0.0000000000	0.000000000000000	0.0	0	0.000496031746031746	0.0008	0.0	56
4033	0.0000000000	0.000000000000000	0.0	0	0.0004959087527894868	0.0008	0.0	56
4034	0.0000000000	0.000000000000000	0.0	0	0.0004957858205255329	0.0008	0.0	56
4035	0.0000000000	0.000000000000000	0.0	0	0.0004956629491945477	0.0008	0.0	56
4036	0.0000000000	0.000000000000000	0.0	0	0.0004955401387512388	0.0008	0.0	56
4037	0.0000000000	0.000000000000000	0.0	0	0.0004954173891503591	0.0008	0.0	56
4038	0.0000000000	0.000000000000000	0.0	0	0.0004952947003467063	0.0008	0.0	56
4039	0.0000000000	0.000000000000000	0.0	0	0.0004951720722951226	0.0008	0.0	56
4040	0.0000000000	0.000000000000000	0.0	0	0.0004950495049504951	0.0008	0.0	56
4041	0.0000000000	0.000000000000000	0.0	0	0.0004949269982677555	0.0008	0.0	56
4042	0.0000000000	0.000000000000000	0.0	0	0.0004948045522018803	0.0008	0.0	56
4043	0.0000000000	0.000000000000000	0.0	0	0.0004946821667078902	0.0008	0.0	56
4044	0.0000000000	0.000000000000000	0.0	0	0.0004945598417408506	0.0008	0.0	56
4045	0.0000000000	0.000000000000000	0.0	0	0.0004944375772558715	0.0008	0.0	56
4046	0.0000000000	0.000000000000000	0.0	0	0.0004943153732081067	0.0008	0.0	56
4047	0.0000000000	0.000000000000000	0.0	0	0.0004941932295527551	0.0008	0.0	56
4048	0.0000000000	0.000000000000000	0.0	0	0.0004940711462450593	0.0008	0.0	56
4049	0.0000000000	0.000000000000000	0.0	0	0.0004939491232403062	0.0008	0.0	56
4050	0.0000000000	0.000000000000000	0.0	0	0.0004938271604938272	0.0008	0.0	56
4051	0.0000000000	0.000000000000000	0.0	0	0.0004937052579609973	0.0008	0.0	56
4052	0.0000000000	0.000000000000000	0.0	0	0.0004935834155972359	0.0008	0.0	56
4053	0.0000000000	0.000000000000000	0.0	0	0.0004934616333580064	0.0008	0.0	56
4054	0.0000000000	0.000000000000000	0.0	0	0.000493339911198816	0.0008	0.0	56
4055	0.0000000000	0.000000000000000	0.0	0	0.0004932182490752158	0.0008	0.0	56
4056	0.0000000000	0.000000000000000	0.0	0	0.0004930966469428008	0.0008	0.0	56
4057	0.0000000000	0.000000000000000	0.0	0	0.0004929751047572097	0.0008	0.0	56
4058	0.0000000000	0.000000000000000	0.0	0	0.0004928536224741252	0.0008	0.0	56
4059	0.0000000000	0.000000000000000	0.0	0	0.0004927322000492732	0.0008	0.0	56
4060	0.0000000000	0.000000000000000	0.0	0	0.0004926108374384236	0.0008	0.0	56
4061	0.0000000000	0.000000000000000	0.0	0	0.0004924895345973898	0.0008	0.0	56
4062	0.0000000000	0.000000000000000	0.0	0	0.0004923682914820286	0.0008	0.0	56
4063	0.0000000000	0.000000000000000	0.0	0	0.0004922471080482402	0.0008	0.0	56
4064	0.0000000000	0.000000000000000	0.0	0	0.0004921259842519685	0.0008	0.0	56
4065	0.0000000000	0.000000000000000	0.0	0	0.0004920049200492004	0.0008	0.0	56
4066	0.0000000000	0.000000000000000	0.0	0	0.0004918839153959665	0.0008	0.0	56
4067	0.0000000000	0.000000000000000	0.0	0	0.0004917629702483403	0.0008	0.0	56
4068	0.0000000000	0.000000000000000	0.0	0	0.0004916420845624386	0.0008	0.0	56
4069	0.0000000000	0.000000000000000	0.0	0	0.0004915212582944212	0.0008	0.0	56
4070	0.0000000000	0.000000000000000	0.0	0	0.0004914004914004914	0.0008	0.0	56
4071	0.0000000000	0.000000000000000	0.0	0	0.0004912797838368951	0.0008	0.0	56
4072	0.0000000000	0.000000000000000	0.0	0	0.0004911591355599214	0.0008	0.0	56
4073	0.0000000000	0.000000000000000	0.0	0	0.0004910385465259023	0.0008	0.0	56
4074	0.0000000000	0.000000000000000	0.0	0	0.0004909180166912126	0.0008	0.0	56
4075	0.0000000000	0.000000000000000	0.0	0	0.00049079754601227	0.0008	0.0	56
4076	0.0000000000	0.000000000000000	0.0	0	0.0004906771344455348	0.0008	0.0	56
4077	0.0000000000	0.000000000000000	0.0	0	0.0004905567819475104	0.0008	0.0	56
4078	0.0000000000	0.000000000000000	0.0	0	0.0004904364884747426	0.0008	0.0	56
4079	0.0000000000	0.000000000000000	0.0	0	0.0004903162539838195	0.0008	0.0	56
4080	0.0000000000	0.000000000000000	0.0	0	0.0004901960784313725	0.0008	0.0	56
4081	0.0000000000	0.000000000000000	0.0	0	0.000490075961774075	0.0008	0.0	56
4082	0.0000000000	0.000000000000000	0.0	0	0.0004899559039686428	0.0008	0.0	56
4083	0.0000000000	0.000000000000000	0.0	0	0.0004898359049718344	0.0008	0.0	56
4084	0.0000000000	0.000000000000000	0.0	0	0.0004897159647404506	0.0008	0.0	56
4085	0.0000000000	0.000000000000000	0.0	0	0.0004895960832313342	0.0008	0.0	56
4086	0.0000000000	0.000000000000000	0.0	0	0.0004894762604013706	0.0008	0.0	56
4087	0.0000000000	0.000000000000000	0.0	0	0.0004893564962074871	0.0008	0.0	56
4088	0.0000000000	0.000000000000000	0.0	0	0.0004892367906066536	0.0008	0.0	56
4089	0.0000000000	0.000000000000000	0.0	0	0.0004891171435558817	0.0008	0.0	56
4090	0.0000000000	0.000000000000000	0.0	0	0.0004889975550122249	0.0008	0.0	56
4091	0.0000000000	0.000000000000000	0.0	0	0.0004888780249327792	0.0008	0.0	56
4092	0.0000000000	0.000000000000000	0.0	0	0.0004887585532746823	0.0008	0.0	56
4093	0.0000000000	0.000000000000000	0.0	0	0.0004886391399951136	0.0008	0.0	56
4094	0.0000000000	0.000000000000000	0.0	0	0.0004885197850512946	0.0008	0.0	56
4095	0.0000000000	0.000000000000000	0.0	0	0.0004884004884004884	0.0008	0.0	56
4096	0.0000000000	0.000000000000000	0.0	0	0.00048828125	0.0008	0.0	56
4097	0.0000000000	0.000000000000000	0.0	0	0.000488162069807176	0.0008	0.0	56
4098	0.0000000000	0.000000000000000	0.0	0	0.0004880429477794046	0.0008	0.0	56
4099	0.0000000000	0.000000000000000	0.0	0	0.00048792388387411563	0.0008	0.0	56
4100	0.0000000000	0.000000000000000	0.0	0	0.0004878048780487805	0.0008	0.0	56
4101	0.0000000000	0.000000000000000	0.0	0	0.000487685930260912	0.0008	0.0	56
4102	0.0000000000	0.000000000000000	0.0	0	0.00048756704046806434	0.0008	0.0	56
4103	0.0000000000	0.000000000000000	0.0	0	0.0004874482086278333	0.0008	0.0	56
4104	0.0000000000	0.000000000000000	0.0	0	0.0004873294346978557	0.0008	0.0	56
4105	0.0000000000	0.000000000000000	0.0	0	0.00048721071863581	0.0008	0.0	56
4106	0.0000000000	0.000000000000000	0.0	0	0.0004870920603994155	0.0008	0.0	56
4107	0.0000000000	0.000000000000000	0.0	0	0.0004869734599464329	0.0008	0.0	56
4108	0.0000000000	0.000000000000000	0.0	0	0.0004868549172346641	0.0008	0.0	56
4109	0.0000000000	0.000000000000000	0.0	0	0.0004867364322219518	0.0008	0.0	56
4110	0.0000000000	0.000000000000000	0.0	0	0.00048661800486618007	0.0008	0.0	56
4111	0.0000000000	0.000000000000000	0.0	0	0.00048649963512527365	0.0008	0.0	56
4112	0.0000000000	0.000000000000000	0.0	0	0.00048638132295719845	0.0008	0.0	56
4113	0.0000000000	0.000000000000000	0.0	0	0.0004862630683199611	0.0008	0.0	56
4114	0.0000000000	0.000000000000000	0.0	0	0.0004861448711716091	0.0008	0.0	56
4115	0.0000000000	0.000000000000000	0.0	0	0.0004860267314702309	0.0008	0.0	56
4116	0.0000000000	0.000000000000000	0.0	0	0.00048590864917395527	0.0008	0.0	56
4117	0.0000000000	0.000000000000000	0.0	0	0.00048579062424095217	0.0008	0.0	56
4118	0.0000000000	0.000000000000000	0.0	0	0.00048567265662943174	0.0008	0.0	56
4119	0.0000000000	0.000000000000000	0.0	0	0.00048555474629764507	0.0008	0.0	56
4120	0.0000000000	0.000000000000000	0.0	0	0.0004854368932038835	0.0008	0.0	56
4121	0.0000000000	0.000000000000000	0.0	0	0.000485319097306479	0.0008	0.0	56
4122	0.0000000000	0.000000000000000	0.0	0	0.00048520135856380397	0.0008	0.0	56
4123	0.0000000000	0.000000000000000	0.0	0	0.00048508367693427115	0.0008	0.0	56
4124	0.0000000000	0.000000000000000	0.0	0	0.00048496605237633366	0.0008	0.0	56
4125	0.0000000000	0.000000000000000	0.0	0	0.00048484848484848484	0.0008	0.0	56
4126	0.0000000000	0.000000000000000	0.0	0	0.0004847309743092584	0.0008	0.0	56
4127	0.0000000000	0.000000000000000	0.0	0	0.000484613520717228	0.0008	0.0	56
4128	0.0000000000	0.000000000000000	0.0	0	0.00048449612403100775	0.0008	0.0	56
4129	0.0000000000	0.000000000000000	0.0	0	0.0004843787842092516	0.0008	0.0	56
4130	0.0000000000	0.000000000000000	0.0	0	0.00048426150121065375	0.0008	0.0	56
4131	0.0000000000	0.000000000000000	0.0	0	0.0004841442749939482	0.0008	0.0	56
4132	0.0000000000	0.000000000000000	0.0	0	0.000484027105517909	0.0008	0.0	56
4133	0.0000000000	0.000000000000000	0.0	0	0.0004839099927413501	0.0008	0.0	56
4134	0.0000000000	0.000000000000000	0.0	0	0.0004837929366231253	0.0008	0.0	56
4135	0.0000000000	0.000000000000000	0.0	0	0.0004836759371221282	0.0008	0.0	56
4136	0.0000000000	0.000000000000000	0.0	0	0.00048355899419729207	0.0008	0.0	56
4137	0.0000000000	0.000000000000000	0.0	0	0.00048344210780759005	0.0008	0.0	56
4138	0.0000000000	0.000000000000000	0.0	0	0.0004833252779120348	0.0008	0.0	56
4139	0.0000000000	0.000000000000000	0.0	0	0.00048320850446967865	0.0008	0.0	56
4140	0.0000000000	0.000000000000000	0.0	0	0.0004830917874396135	0.0008	0.0	56
4141	0.0000000000	0.000000000000000	0.0	0	0.0004829751267809708	0.0008	0.0	56
4142	0.0000000000	0.000000000000000	0.0	0	0.0004828585224529213	0.0008	0.0	56
4143	0.0000000000	0.000000000000000	0.0	0	0.0004827419744146754	0.0008	0.0	56
4144	0.0000000000	0.000000000000000	0.0	0	0.00048262548262548264	0.0008	0.0	56
4145	0.0000000000	0.000000000000000	0.0	0	0.0004825090470446321	0.0008	0.0	56
4146	0.0000000000	0.000000000000000	0.0	0	0.000482392667631452	0.0008	0.0	56
4147	0.0000000000	0.000000000000000	0.0	0	0.0004822763443453099	0.0008	0.0	56
4148	0.0000000000	0.000000000000000	0.0	0	0.00048216007714561236	0.0008	0.0	56
4149	0.0000000000	0.000000000000000	0.0	0	0.00048204386599180526	0.0008	0.0	56
4150	0.0000000000	0.000000000000000	0.0	0	0.00048192771084337347	0.0008	0.0	56
4151	0.0000000000	0.000000000000000	0.0	0	0.000481811611659841	0.0008	0.0	56
4152	0.0000000000	0.000000000000000	0.0	0	0.0004816955684007707	0.0008	0.0	56
4153	0.0000000000	0.000000000000000	0.0	0	0.0004815795810257645	0.0008	0.0	56
4154	0.0000000000	0.000000000000000	0.0	0	0.00048146364949446316	0.0008	0.0	56
4155	0.0000000000	0.000000000000000	0.0	0	0.0004813477737665463	0.0008	0.0	56
4156	0.0000000000	0.000000000000000	0.0	0	0.00048123195380173246	0.0008	0.0	56
4157	0.0000000000	0.000000000000000	0.0	0	0.0004811161895597787	0.0008	0.0	56
4158	0.0000000000	0.000000000000000	0.0	0	0.000481000481000481	0.0008	0.0	56
4159	0.0000000000	0.000000000000000	0.0	0	0.00048088482808367395	0.0008	0.0	56
4160	0.0000000000	0.000000000000000	0.0	0	0.0004807692307692308	0.0008	0.0	56
4161	0.0000000000	0.000000000000000	0.0	0	0.0004806536890170632	0.0008	0.0	56
4162	0.0000000000	0.000000000000000	0.0	0	0.0004805382027871216	0.0008	0.0	56
4163	0.0000000000	0.000000000000000	0.0	0	0.00048042277203939464	0.0008	0.0	56
4164	0.0000000000	0.000000000000000	0.0	0	0.0004803073967339097	0.0008	0.0	56
4165	0.0000000000	0.000000000000000	0.0	0	0.0004801920768307323	0.0008	0.0	56
4166	0.0000000000	0.000000000000000	0.0	0	0.00048007681228996637	0.0008	0.0	56
4167	0.0000000000	0.000000000000000	0.0	0	0.00047996160307175426	0.0008	0.0	56
4168	0.0000000000	0.000000000000000	0.0	0	0.0004798464491362764	0.0008	0.0	56
4169	0.0000000000	0.000000000000000	0.0	0	0.0004797313504437515	0.0008	0.0	56
4170	0.0000000000	0.000000000000000	0.0	0	0.00047961630695443646	0.0008	0.0	56
4171	0.0000000000	0.000000000000000	0.0	0	0.0004795013186286262	0.0008	0.0	56
4172	0.0000000000	0.000000000000000	0.0	0	0.00047938638542665386	0.0008	0.0	56
4173	0.0000000000	0.000000000000000	0.0	0	0.0004792715073088905	0.0008	0.0	56
4174	0.0000000000	0.000000000000000	0.0	0	0.0004791566842357451	0.0008	0.0	56
4175	0.0000000000	0.000000000000000	0.0	0	0.00047904191616766467	0.0008	0.0	56
4176	0.0000000000	0.000000000000000	0.0	0	0.0004789272030651341	0.0008	0.0	56
4177	0.0000000000	0.000000000000000	0.0	0	0.00047881254488867607	0.0008	0.0	56
4178	0.0000000000	0.000000000000000	0.0	0	0.0004786979415988511	0.0008	0.0	56
4179	0.0000000000	0.000000000000000	0.0	0	0.0004785833931562575	0.0008	0.0	56
4180	0.0000000000	0.000000000000000	0.0	0	0.0004784688995215311	0.0008	0.0	56
4181	0.0000000000	0.000000000000000	0.0	0	0.00047835446065534564	0.0008	0.0	56
4182	0.0000000000	0.000000000000000	0.0	0	0.00047824007651841227	0.0008	0.0	56
4183	0.0000000000	0.000000000000000	0.0	0	0.0004781257470714798	0.0008	0.0	56
4184	0.0000000000	0.000000000000000	0.0	0	0.0004780114722753346	0.0008	0.0	56
4185	0.0000000000	0.000000000000000	0.0	0	0.00047789725209080046	0.0008	0.0	56
4186	0.0000000000	0.000000000000000	0.0	0	0.00047778308647873863	0.0008	0.0	56
4187	0.0000000000	0.000000000000000	0.0	0	0.0004776689754000478	0.0008	0.0	56
4188	0.0000000000	0.000000000000000	0.0	0	0.0004775549188156638	0.0008	0.0	56
4189	0.0000000000	0.000000000000000	0.0	0	0.00047744091668656003	0.0008	0.0	56
4190	0.0000000000	0.000000000000000	0.0	0	0.00047732696897374703	0.0008	0.0	56
4191	0.0000000000	0.000000000000000	0.0	0	0.0004772130756382725	0.0008	0.0	56
4192	0.0000000000	0.000000000000000	0.0	0	0.00047709923664122136	0.0008	0.0	56
4193	0.0000000000	0.000000000000000	0.0	0	0.0004769854519437157	0.0008	0.0	56
4194	0.0000000000	0.000000000000000	0.0	0	0.0004768717215069146	0.0008	0.0	56
4195	0.0000000000	0.000000000000000	0.0	0	0.0004767580452920143	0.0008	0.0	56
4196	0.0000000000	0.000000000000000	0.0	0	0.00047664442326024784	0.0008	0.0	56
4197	0.0000000000	0.000000000000000	0.0	0	0.0004765308553728854	0.0008	0.0	56
4198	0.0000000000	0.000000000000000	0.0	0	0.0004764173415912339	0.0008	0.0	56
4199	0.0000000000	0.000000000000000	0.0	0	0.0004763038818766373	0.0008	0.0	56
4200	0.0000000000	0.000000000000000	0.0	0	0.0004761904761904762	0.0008	0.0	56
4201	0.0000000000	0.000000000000000	0.0	0	0.00047607712449416806	0.0008	0.0	56
4202	0.0000000000	0.000000000000000	0.0	0	0.00047596382674916705	0.0008	0.0	56
4203	0.0000000000	0.000000000000000	0.0	0	0.0004758505829169641	0.0008	0.0	56
4204	0.0000000000	0.000000000000000	0.0	0	0.0004757373929590866	0.0008	0.0	56
4205	0.0000000000	0.000000000000000	0.0	0	0.0004756242568370987	0.0008	0.0	56
4206	0.0000000000	0.000000000000000	0.0	0	0.00047551117451260106	0.0008	0.0	56
4207	0.0000000000	0.000000000000000	0.0	0	0.0004753981459472308	0.0008	0.0	56
4208	0.0000000000	0.000000000000000	0.0	0	0.0004752851711026616	0.0008	0.0	56
4209	0.0000000000	0.000000000000000	0.0	0	0.0004751722499406035	0.0008	0.0	56
4210	0.0000000000	0.000000000000000	0.0	0	0.00047505938242280285	0.0008	0.0	56
4211	0.0000000000	0.000000000000000	0.0	0	0.0004749465685110425	0.0008	0.0	56
4212	0.0000000000	0.000000000000000	0.0	0	0.0004748338081671415	0.0008	0.0	56
4213	0.0000000000	0.000000000000000	0.0	0	0.00047472110135295516	0.0008	0.0	56
4214	0.0000000000	0.000000000000000	0.0	0	0.00047460844803037496	0.0008	0.0	56
4215	0.0000000000	0.000000000000000	0.0	0	0.00047449584816132857	0.0008	0.0	56
4216	0.0000000000	0.000000000000000	0.0	0	0.0004743833017077799	0.0008	0.0	56
4217	0.0000000000	0.000000000000000	0.0	0	0.00047427080863172874	0.0008	0.0	56
4218	0.0000000000	0.000000000000000	0.0	0	0.000474158368895211	0.0008	0.0	56
4219	0.0000000000	0.000000000000000	0.0	0	0.00047404598246029864	0.0008	0.0	56
4220	0.0000000000	0.000000000000000	0.0	0	0.00047393364928909954	0.0008	0.0	56
4221	0.0000000000	0.000000000000000	0.0	0	0.00047382136934375743	0.0008	0.0	56
4222	0.0000000000	0.000000000000000	0.0	0	0.0004737091425864519	0.0008	0.0	56
4223	0.0000000000	0.000000000000000	0.0	0	0.0004735969689793985	0.0008	0.0	56
4224	0.0000000000	0.000000000000000	0.0	0	0.0004734848484848485	0.0008	0.0	56
4225	0.0000000000	0.000000000000000	0.0	0	0.00047337278106508875	0.0008	0.0	56
4226	0.0000000000	0.000000000000000	0.0	0	0.000473260766682442	0.0008	0.0	56
4227	0.0000000000	0.000000000000000	0.0	0	0.0004731488052992666	0.0008	0.0	56
4228	0.0000000000	0.000000000000000	0.0	0	0.0004730368968779565	0.0008	0.0	56
4229	0.0000000000	0.000000000000000	0.0	0	0.0004729250413809411	0.0008	0.0	56
4230	0.0000000000	0.000000000000000	0.0	0	0.00047281323877068556	0.0008	0.0	56
4231	0.0000000000	0.000000000000000	0.0	0	0.0004727014890096904	0.0008	0.0	56
4232	0.0000000000	0.000000000000000	0.0	0	0.0004725897920604915	0.0008	0.0	56
4233	0.0000000000	0.000000000000000	0.0	0	0.0004724781478856603	0.0008	0.0	56
4234	0.0000000000	0.000000000000000	0.0	0	0.0004723665564478035	0.0008	0.0	56
4235	0.0000000000	0.000000000000000	0.0	0	0.0004722550177095632	0.0008	0.0	56
4236	0.0000000000	0.000000000000000	0.0	0	0.00047214353163361664	0.0008	0.0	56
4237	0.0000000000	0.000000000000000	0.0	0	0.0004720320981826764	0.0008	0.0	56
4238	0.0000000000	0.000000000000000	0.0	0	0.00047192071731949034	0.0008	0.0	56
4239	0.0000000000	0.000000000000000	0.0	0	0.00047180938900684123	0.0008	0.0	56
4240	0.0000000000	0.000000000000000	0.0	0	0.0004716981132075472	0.0008	0.0	56
4241	0.0000000000	0.000000000000000	0.0	0	0.0004715868898844612	0.0008	0.0	56
4242	0.0000000000	0.000000000000000	0.0	0	0.0004714757190004715	0.0008	0.0	56
4243	0.0000000000	0.000000000000000	0.0	0	0.0004713646005185011	0.0008	0.0	56
4244	0.0000000000	0.000000000000000	0.0	0	0.000471253534401508	0.0008	0.0	56
4245	0.0000000000	0.000000000000000	0.0	0	0.0004711425206124853	0.0008	0.0	56
4246	0.0000000000	0.000000000000000	0.0	0	0.0004710315591144607	0.0008	0.0	56
4247	0.0000000000	0.000000000000000	0.0	0	0.0004709206498704968	0.0008	0.0	56
4248	0.0000000000	0.000000000000000	0.0	0	0.00047080979284369113	0.0008	0.0	56
4249	0.0000000000	0.000000000000000	0.0	0	0.0004706989879971758	0.0008	0.0	56
4250	0.0000000000	0.000000000000000	0.0	0	0.00047058823529411766	0.0008	0.0	56
4251	0.0000000000	0.000000000000000	0.0	0	0.0004704775346977182	0.0008	0.0	56
4252	0.0000000000	0.000000000000000	0.0	0	0.00047036688617121356	0.0008	0.0	56
4253	0.0000000000	0.000000000000000	0.0	0	0.00047025628967787447	0.0008	0.0	56
4254	0.0000000000	0.000000000000000	0.0	0	0.0004701457451810061	0.0008	0.0	56
4255	0.0000000000	0.000000000000000	0.0	0	0.0004700352526439483	0.0008	0.0	56
4256	0.0000000000	0.000000000000000	0.0	0	0.00046992481203007516	0.0008	0.0	56
4257	0.0000000000	0.000000000000000	0.0	0	0.0004698144233027954	0.0008	0.0	56
4258	0.0000000000	0.000000000000000	0.0	0	0.0004697040864255519	0.0008	0.0	56
4259	0.0000000000	0.000000000000000	0.0	0	0.00046959380136182204	0.0008	0.0	56
4260	0.0000000000	0.000000000000000	0.0	0	0.00046948356807511736	0.0008	0.0	56
4261	0.0000000000	0.000000000000000	0.0	0	0.0004693733865289838	0.0008	0.0	56
4262	0.0000000000	0.000000000000000	0.0	0	0.0004692632566870014	0.0008	0.0	56
4263	0.0000000000	0.000000000000000	0.0	0	0.0004691531785127844	0.0008	0.0	56
4264	0.0000000000	0.000000000000000	0.0	0	0.00046904315196998124	0.0008	0.0	56
4265	0.0000000000	0.000000000000000	0.0	0	0.0004689331770222743	0.0008	0.0	56
4266	0.0000000000	0.000000000000000	0.0	0	0.00046882325363338024	0.0008	0.0	56
4267	0.0000000000	0.000000000000000	0.0	0	0.00046871338176704945	0.0008	0.0	56
4268	0.0000000000	0.000000000000000	0.0	0	0.00046860356138706655	0.0008	0.0	56
4269	0.0000000000	0.000000000000000	0.0	0	0.00046849379245724994	0.0008	0.0	56
4270	0.0000000000	0.000000000000000	0.0	0	0.000468384074941452	0.0008	0.0	56
4271	0.0000000000	0.000000000000000	0.0	0	0.0004682744088035589	0.0008	0.0	56
4272	0.0000000000	0.000000000000000	0.0	0	0.00046816479400749064	0.0008	0.0	56
4273	0.0000000000	0.000000000000000	0.0	0	0.000468055230517201	0.0008	0.0	56
4274	0.0000000000	0.000000000000000	0.0	0	0.0004679457182966776	0.0008	0.0	56
4275	0.0000000000	0.000000000000000	0.0	0	0.00046783625730994154	0.0008	0.0	56
4276	0.0000000000	0.000000000000000	0.0	0	0.0004677268475210477	0.0008	0.0	56
4277	0.0000000000	0.000000000000000	0.0	0	0.00046761748889408465	0.0008	0.0	56
4278	0.0000000000	0.000000000000000	0.0	0	0.0004675081813931744	0.0008	0.0	56
4279	0.0000000000	0.000000000000000	0.0	0	0.00046739892498247256	0.0008	0.0	56
4280	0.0000000000	0.000000000000000	0.0	0	0.00046728971962616824	0.0008	0.0	56
4281	0.0000000000	0.000000000000000	0.0	0	0.000467180565288484	0.0008	0.0	56
4282	0.0000000000	0.000000000000000	0.0	0	0.00046707146193367583	0.0008	0.0	56
4283	0.0000000000	0.000000000000000	0.0	0	0.00046696240952603317	0.0008	0.0	56
4284	0.0000000000	0.000000000000000	0.0	0	0.00046685340802987864	0.0008	0.0	56
4285	0.0000000000	0.000000000000000	0.0	0	0.0004667444574095683	0.0008	0.0	56
4286	0.0000000000	0.000000000000000	0.0	0	0.0004666355576294914	0.0008	0.0	56
4287	0.0000000000	0.000000000000000	0.0	0	0.00046652670865407047	0.0008	0.0	56
4288	0.0000000000	0.000000000000000	0.0	0	0.0004664179104477612	0.0008	0.0	56
4289	0.0000000000	0.000000000000000	0.0	0	0.00046630916297505244	0.0008	0.0	56
4290	0.0000000000	0.000000000000000	0.0	0	0.0004662004662004662	0.0008	0.0	56
4291	0.0000000000	0.000000000000000	0.0	0	0.00046609182008855747	0.0008	0.0	56
4292	0.0000000000	0.000000000000000	0.0	0	0.00046598322460391424	0.0008	0.0	56
4293	0.0000000000	0.000000000000000	0.0	0	0.0004658746797111577	0.0008	0.0	56
4294	0.0000000000	0.000000000000000	0.0	0	0.0004657661853749418	0.0008	0.0	56
4295	0.0000000000	0.000000000000000	0.0	0	0.00046565774155995343	0.0008	0.0	56
4296	0.0000000000	0.000000000000000	0.0	0	0.0004655493482309125	0.0008	0.0	56
4297	0.0000000000	0.000000000000000	0.0	0	0.00046544100535257155	0.0008	0.0	56
4298	0.0000000000	0.000000000000000	0.0	0	0.00046533271288971617	0.0008	0.0	56
4299	0.0000000000	0.000000000000000	0.0	0	0.00046522447080716444	0.0008	0.0	56
4300	0.0000000000	0.000000000000000	0.0	0	0.00046511627906976747	0.0008	0.0	56
4301	0.0000000000	0.000000000000000	0.0	0	0.00046500813764240875	0.0008	0.0	56
4302	0.0000000000	0.000000000000000	0.0	0	0.00046490004649000463	0.0008	0.0	56
4303	0.0000000000	0.000000000000000	0.0	0	0.00046479200557750407	0.0008	0.0	56
4304	0.0000000000	0.000000000000000	0.0	0	0.00046468401486988845	0.0008	0.0	56
4305	0.0000000000	0.000000000000000	0.0	0	0.0004645760743321719	0.0008	0.0	56
4306	0.0000000000	0.000000000000000	0.0	0	0.00046446818392940084	0.0008	0.0	56
4307	0.0000000000	0.000000000000000	0.0	0	0.0004643603436266543	0.0008	0.0	56
4308	0.0000000000	0.000000000000000	0.0	0	0.00046425255338904364	0.0008	0.0	56
4309	0.0000000000	0.000000000000000	0.0	0	0.0004641448131817127	0.0008	0.0	56
4310	0.0000000000	0.000000000000000	0.0	0	0.0004640371229698376	0.0008	0.0	56
4311	0.0000000000	0.000000000000000	0.0	0	0.00046392948271862676	0.0008	0.0	56
4312	0.0000000000	0.000000000000000	0.0	0	0.00046382189239332097	0.0008	0.0	56
4313	0.0000000000	0.000000000000000	0.0	0	0.0004637143519591931	0.0008	0.0	56
4314	0.0000000000	0.000000000000000	0.0	0	0.0004636068613815484	0.0008	0.0	56
4315	0.0000000000	0.000000000000000	0.0	0	0.0004634994206257242	0.0008	0.0	56
4316	0.0000000000	0.000000000000000	0.0	0	0.0004633920296570899	0.0008	0.0	56
4317	0.0000000000	0.000000000000000	0.0	0	0.000463284688441047	0.0008	0.0	56
4318	0.0000000000	0.000000000000000	0.0	0	0.0004631773969430292	0.0008	0.0	56
4319	0.0000000000	0.000000000000000	0.0	0	0.00046307015512850195	0.0008	0.0	56
4320	0.0000000000	0.000000000000000	0.0	0	0.000462962962962963	0.0008	0.0	56
4321	0.0000000000	0.000000000000000	0.0	0	0.0004628558204119417	0.0008	0.0	56
4322	0.0000000000	0.000000000000000	0.0	0	0.00046274872744099955	0.0008	0.0	56
4323	0.0000000000	0.000000000000000	0.0	0	0.0004626416840157298	0.0008	0.0	56
4324	0.0000000000	0.000000000000000	0.0	0	0.00046253469010175765	0.0008	0.0	56
4325	0.0000000000	0.000000000000000	0.0	0	0.00046242774566473987	0.0008	0.0	56
4326	0.0000000000	0.000000000000000	0.0	0	0.0004623208506703652	0.0008	0.0	56
4327	0.0000000000	0.000000000000000	0.0	0	0.00046221400508435407	0.0008	0.0	56
4328	0.0000000000	0.000000000000000	0.0	0	0.0004621072088724584	0.0008	0.0	56
4329	0.0000000000	0.000000000000000	0.0	0	0.000462000462000462	0.0008	0.0	56
4330	0.0000000000	0.000000000000000	0.0	0	0.00046189376443418013	0.0008	0.0	56
4331	0.0000000000	0.000000000000000	0.0	0	0.0004617871161394597	0.0008	0.0	56
4332	0.0000000000	0.000000000000000	0.0	0	0.0004616805170821791	0.0008	0.0	56
4333	0.0000000000	0.000000000000000	0.0	0	0.00046157396722824835	0.0008	0.0	56
4334	0.0000000000	0.000000000000000	0.0	0	0.00046146746654360867	0.0008	0.0	56
4335	0.0000000000	0.000000000000000	0.0	0	0.000461361014994233	0.0008	0.0	56
4336	0.0000000000	0.000000000000000	0.0	0	0.00046125461254612545	0.0008	0.0	56
4337	0.0000000000	0.000000000000000	0.0	0	0.0004611482591653217	0.0008	0.0	56
4338	0.0000000000	0.000000000000000	0.0	0	0.0004610419548178884	0.0008	0.0	56
4339	0.0000000000	0.000000000000000	0.0	0	0.0004609356994699239	0.0008	0.0	56
4340	0.0000000000	0.000000000000000	0.0	0	0.0004608294930875576	0.0008	0.0	56
4341	0.0000000000	0.000000000000000	0.0	0	0.00046072333563695	0.0008	0.0	56
4342	0.0000000000	0.000000000000000	0.0	0	0.00046061722708429296	0.0008	0.0	56
4343	0.0000000000	0.000000000000000	0.0	0	0.00046051116739580933	0.0008	0.0	56
4344	0.0000000000	0.000000000000000	0.0	0	0.00046040515653775324	0.0008	0.0	56
4345	0.0000000000	0.000000000000000	0.0	0	0.00046029919447640965	0.0008	0.0	56
4346	0.0000000000	0.000000000000000	0.0	0	0.0004601932811780948	0.0008	0.0	56
4347	0.0000000000	0.000000000000000	0.0	0	0.00046008741660915573	0.0008	0.0	56
4348	0.0000000000	0.000000000000000	0.0	0	0.00045998160073597056	0.0008	0.0	56
4349	0.0000000000	0.000000000000000	0.0	0	0.0004598758335249483	0.0008	0.0	56
4350	0.0000000000	0.000000000000000	0.0	0	0.0004597701149425287	0.0008	0.0	56
4351	0.0000000000	0.000000000000000	0.0	0	0.0004596644449551827	0.0008	0.0	56
4352	0.0000000000	0.000000000000000	0.0	0	0.00045955882352941176	0.0008	0.0	56
4353	0.0000000000	0.000000000000000	0.0	0	0.00045945325063174823	0.0008	0.0	56
4354	0.0000000000	0.000000000000000	0.0	0	0.00045934772622875517	0.0008	0.0	56
4355	0.0000000000	0.000000000000000	0.0	0	0.0004592422502870264	0.0008	0.0	56
4356	0.0000000000	0.000000000000000	0.0	0	0.0004591368227731864	0.0008	0.0	56
4357	0.0000000000	0.000000000000000	0.0	0	0.0004590314436538903	0.0008	0.0	56
4358	0.0000000000	0.000000000000000	0.0	0	0.0004589261128958238	0.0008	0.0	56
4359	0.0000000000	0.000000000000000	0.0	0	0.0004588208304657031	0.0008	0.0	56
4360	0.0000000000	0.000000000000000	0.0	0	0.00045871559633027525	0.0008	0.0	56
4361	0.0000000000	0.000000000000000	0.0	0	0.00045861041045631735	0.0008	0.0	56
4362	0.0000000000	0.000000000000000	0.0	0	0.0004585052728106373	0.0008	0.0	56
4363	0.0000000000	0.000000000000000	0.0	0	0.00045840018336007336	0.0008	0.0	56
4364	0.0000000000	0.000000000000000	0.0	0	0.00045829514207149406	0.0008	0.0	56
4365	0.0000000000	0.000000000000000	0.0	0	0.0004581901489117984	0.0008	0.0	56
4366	0.0000000000	0.000000000000000	0.0	0	0.0004580852038479157	0.0008	0.0	56
4367	0.0000000000	0.000000000000000	0.0	0	0.0004579803068468056	0.0008	0.0	56
4368	0.0000000000	0.000000000000000	0.0	0	0.0004578754578754579	0.0008	0.0	56
4369	0.0000000000	0.000000000000000	0.0	0	0.00045777065690089265	0.0008	0.0	56
4370	0.0000000000	0.000000000000000	0.0	0	0.0004576659038901602	0.0008	0.0	56
4371	0.0000000000	0.000000000000000	0.0	0	0.0004575611988103409	0.0008	0.0	56
4372	0.0000000000	0.000000000000000	0.0	0	0.0004574565416285453	0.0008	0.0	56
4373	0.0000000000	0.000000000000000	0.0	0	0.000457351932311914	0.0008	0.0	56
4374	0.0000000000	0.000000000000000	0.0	0	0.0004572473708276177	0.0008	0.0	56
4375	0.0000000000	0.000000000000000	0.0	0	0.00045714285714285713	0.0008	0.0	56
4376	0.0000000000	0.000000000000000	0.0	0	0.0004570383912248629	0.0008	0.0	56
4377	0.0000000000	0.000000000000000	0.0	0	0.0004569339730408956	0.0008	0.0	56
4378	0.0000000000	0.000000000000000	0.0	0	0.00045682960255824577	0.0008	0.0	56
4379	0.0000000000	0.000000000000000	0.0	0	0.00045672527974423386	0.0008	0.0	56
4380	0.0000000000	0.000000000000000	0.0	0	0.00045662100456621003	0.0008	0.0	56
4381	0.0000000000	0.000000000000000	0.0	0	0.00045651677699155445	0.0008	0.0	56
4382	0.0000000000	0.000000000000000	0.0	0	0.00045641259698767686	0.0008	0.0	56
4383	0.0000000000	0.000000000000000	0.0	0	0.0004563084645220169	0.0008	0.0	56
4384	0.0000000000	0.000000000000000	0.0	0	0.0004562043795620438	0.0008	0.0	56
4385	0.0000000000	0.000000000000000	0.0	0	0.00045610034207525655	0.0008	0.0	56
4386	0.0000000000	0.000000000000000	0.0	0	0.00045599635202918376	0.0008	0.0	56
4387	0.0000000000	0.000000000000000	0.0	0	0.00045589240939138365	0.0008	0.0	56
4388	0.0000000000	0.000000000000000	0.0	0	0.00045578851412944393	0.0008	0.0	56
4389	0.0000000000	0.000000000000000	0.0	0	0.000455684666210982	0.0008	0.0	56
4390	0.0000000000	0.000000000000000	0.0	0	0.00045558086560364467	0.0008	0.0	56
4391	0.0000000000	0.000000000000000	0.0	0	0.0004554771122751082	0.0008	0.0	56
4392	0.0000000000	0.000000000000000	0.0	0	0.0004553734061930783	0.0008	0.0	56
4393	0.0000000000	0.000000000000000	0.0	0	0.00045526974732529026	0.0008	0.0	56
4394	0.0000000000	0.000000000000000	0.0	0	0.0004551661356395084	0.0008	0.0	56
4395	0.0000000000	0.000000000000000	0.0	0	0.0004550625711035267	0.0008	0.0	56
4396	0.0000000000	0.000000000000000	0.0	0	0.00045495905368516835	0.0008	0.0	56
4397	0.0000000000	0.000000000000000	0.0	0	0.00045485558335228563	0.0008	0.0	56
4398	0.0000000000	0.000000000000000	0.0	0	0.00045475216007276033	0.0008	0.0	56
4399	0.0000000000	0.000000000000000	0.0	0	0.0004546487838145033	0.0008	0.0	56
4400	0.0000000000	0.000000000000000	0.0	0	0.00045454545454545455	0.0008	0.0	56
4401	0.0000000000	0.000000000000000	0.0	0	0.0004544421722335833	0.0008	0.0	56
4402	0.0000000000	0.000000000000000	0.0	0	0.00045433893684688776	0.0008	0.0	56
4403	0.0000000000	0.000000000000000	0.0	0	0.0004542357483533954	0.0008	0.0	56
4404	0.0000000000	0.000000000000000	0.0	0	0.00045413260672116256	0.0008	0.0	56
4405	0.0000000000	0.000000000000000	0.0	0	0.0004540295119182747	0.0008	0.0	56
4406	0.0000000000	0.000000000000000	0.0	0	0.00045392646391284613	0.0008	0.0	56
4407	0.0000000000	0.000000000000000	0.0	0	0.0004538234626730202	0.0008	0.0	56
4408	0.0000000000	0.000000000000000	0.0	0	0.00045372050816696913	0.0008	0.0	56
4409	0.0000000000	0.000000000000000	0.0	0	0.0004536176003628941	0.0008	0.0	56
4410	0.0000000000	0.000000000000000	0.0	0	0.00045351473922902497	0.0008	0.0	56
4411	0.0000000000	0.000000000000000	0.0	0	0.0004534119247336205	0.0008	0.0	56
4412	0.0000000000	0.000000000000000	0.0	0	0.00045330915684496827	0.0008	0.0	56
4413	0.0000000000	0.000000000000000	0.0	0	0.00045320643553138455	0.0008	0.0	56
4414	0.0000000000	0.000000000000000	0.0	0	0.00045310376076121433	0.0008	0.0	56
4415	0.0000000000	0.000000000000000	0.0	0	0.00045300113250283127	0.0008	0.0	56
4416	0.0000000000	0.000000000000000	0.0	0	0.0004528985507246377	0.0008	0.0	56
4417	0.0000000000	0.000000000000000	0.0	0	0.0004527960153950645	0.0008	0.0	56
4418	0.0000000000	0.000000000000000	0.0	0	0.0004526935264825713	0.0008	0.0	56
4419	0.0000000000	0.000000000000000	0.0	0	0.00045259108395564606	0.0008	0.0	56
4420	0.0000000000	0.000000000000000	0.0	0	0.00045248868778280545	0.0008	0.0	56
4421	0.0000000000	0.000000000000000	0.0	0	0.00045238633793259444	0.0008	0.0	56
4422	0.0000000000	0.000000000000000	0.0	0	0.0004522840343735866	0.0008	0.0	56
4423	0.0000000000	0.000000000000000	0.0	0	0.0004521817770743839	0.0008	0.0	56
4424	0.0000000000	0.000000000000000	0.0	0	0.0004520795660036166	0.0008	0.0	56
4425	0.0000000000	0.000000000000000	0.0	0	0.0004519774011299435	0.0008	0.0	56
4426	0.0000000000	0.000000000000000	0.0	0	0.00045187528242205153	0.0008	0.0	56
4427	0.0000000000	0.000000000000000	0.0	0	0.00045177320984865596	0.0008	0.0	56
4428	0.0000000000	0.000000000000000	0.0	0	0.00045167118337850043	0.0008	0.0	56
4429	0.0000000000	0.000000000000000	0.0	0	0.0004515692029803567	0.0008	0.0	56
4430	0.0000000000	0.000000000000000	0.0	0	0.0004514672686230248	0.0008	0.0	56
4431	0.0000000000	0.000000000000000	0.0	0	0.0004513653802753329	0.0008	0.0	56
4432	0.0000000000	0.000000000000000	0.0	0	0.0004512635379061372	0.0008	0.0	56
4433	0.0000000000	0.000000000000000	0.0	0	0.00045116174148432213	0.0008	0.0	56
4434	0.0000000000	0.000000000000000	0.0	0	0.0004510599909788002	0.0008	0.0	56
4435	0.0000000000	0.000000000000000	0.0	0	0.00045095828635851183	0.0008	0.0	56
4436	0.0000000000	0.000000000000000	0.0	0	0.0004508566275924256	0.0008	0.0	56
4437	0.0000000000	0.000000000000000	0.0	0	0.000450755014649538	0.0008	0.0	56
4438	0.0000000000	0.000000000000000	0.0	0	0.0004506534474988734	0.0008	0.0	56
4439	0.0000000000	0.000000000000000	0.0	0	0.0004505519261094841	0.0008	0.0	56
4440	0.0000000000	0.000000000000000	0.0	0	0.00045045045045045046	0.0008	0.0	56
4441	0.0000000000	0.000000000000000	0.0	0	0.00045034902049088043	0.0008	0.0	56
4442	0.0000000000	0.000000000000000	0.0	0	0.00045024763619990995	0.0008	0.0	56
4443	0.0000000000	0.000000000000000	0.0	0	0.00045014629754670267	0.0008	0.0	56
4444	0.0000000000	0.000000000000000	0.0	0	0.00045004500450045	0.0008	0.0	56
4445	0.0000000000	0.000000000000000	0.0	0	0.0004499437570303712	0.0008	0.0	56
4446	0.0000000000	0.000000000000000	0.0	0	0.000449842555105713	0.0008	0.0	56
4447	0.0000000000	0.000000000000000	0.0	0	0.00044974139869574995	0.0008	0.0	56
4448	0.0000000000	0.000000000000000	0.0	0	0.0004496402877697842	0.0008	0.0	56
