0	0.0000000000	0.000000000000000	0.0	0	0	0.0032	0.0	56
1	0.0000000000	0.000000000000000	0.0	0	0.0	0.0032	0.0	56
2	0.0000000000	0.000000000000000	0.0	0	0.0	0.0032	0.0	56
3	0.0000000000	0.000000000000000	0.0	0	0.0	0.0032	0.0	56
4	0.0000000000	0.000000000000000	0.0	0	0.0	0.0032	0.0	56
5	0.0000000000	0.000000000000000	0.0	0	0.0	0.0032	0.0	56
6	0.0000000000	0.000000000000000	0.0	0	0.0	0.0032	0.0	56
7	0.0000000000	0.000000000000000	0.0	0	0.0	0.0032	0.0	56
8	0.0000000000	0.000000000000000	0.0	0	0.0	0.0032	0.0	56
9	0.0000000000	0.000000000000000	0.0	0	0.0	0.0032	0.0	56
10	0.0000000000	0.000000000000000	0.0	0	0.0	0.0032	0.0	56
11	0.0000000000	0.000000000000000	0.0	0	0.0	0.0032	0.0	56
12	0.0000000000	0.000000000000000	0.0	0	0.0	0.0032	0.0	56
13	0.0000000000	0.000000000000000	0.0	0	0.0	0.0032	0.0	56
14	0.0000000000	0.000000000000000	0.0	0	0.0	0.0032	0.0	56
15	0.0000000000	0.000000000000000	0.0	0	0.0	0.0032	0.0	56
16	0.0000000000	0.000000000000000	0.0	0	0.0	0.0032	0.0	56
17	0.0000000000	0.000000000000000	0.0	0	0.0	0.0032	0.0	56
18	0.0000000000	0.000000000000000	0.0	0	0.0	0.0032	0.0	56
19	0.0000000000	0.000000000000000	0.0	0	0.0	0.0032	0.0	56
20	0.0000000000	0.000000000000000	0.0	0	0.0	0.0032	0.0	56
21	0.0000000000	0.000000000000000	0.0	0	0.0	0.0032	0.0	56
22	0.0000000000	0.000000000000000	0.0	0	0.0	0.0032	0.0	56
23	0.0000000000	0.000000000000000	0.0	0	0.0	0.0032	0.0	56
24	0.0000000000	0.000000000000000	0.0	0	0.0	0.0032	0.0	56
25	0.0000000000	0.000000000000000	0.0	0	0.0	0.0032	0.0	56
26	0.0000000000	0.000000000000000	0.0	0	0.0	0.0032	0.0	56
27	0.0000000000	0.000000000000000	0.0	0	0.0	0.0032	0.0	56
28	0.0000000000	0.000000000000000	0.0	0	0.0	0.0032	0.0	56
29	0.0000000000	0.000000000000000	0.0	0	0.0	0.0032	0.0	56
30	0.0000000000	0.000000000000000	0.0	0	0.0	0.0032	0.0	56
31	0.0000000000	0.000000000000000	0.0	0	0.0	0.0032	0.0	56
32	0.0000000000	0.000000000000000	0.0	0	0.0	0.0032	0.0	56
33	0.0000000000	0.000000000000000	0.0	0	0.0	0.0032	0.0	56
34	0.0000000000	0.000000000000000	0.0	0	0.0	0.0032	0.0	56
35	0.0000000000	0.000000000000000	0.0	0	0.0	0.0032	0.0	56
36	0.0000000000	0.000000000000000	0.0	0	0.0	0.0032	0.0	56
37	0.0000000000	0.000000000000000	0.0	0	0.0	0.0032	0.0	56
38	0.0000000000	0.000000000000000	0.0	0	0.0	0.0032	0.0	56
39	0.0000000000	0.000000000000000	0.0	0	0.0	0.0032	0.0	56
40	0.0000000000	0.000000000000000	0.0	0	0.0	0.0032	0.0	56
41	0.0000000000	0.000000000000000	0.0	0	0.0	0.0032	0.0	56
42	0.0000000000	0.000000000000000	0.0	0	0.0	0.0032	0.0	56
43	0.0000000000	0.000000000000000	0.0	0	0.0	0.0032	0.0	56
44	0.0000000000	0.000000000000000	0.0	0	0.0	0.0032	0.0	56
45	0.0000000000	0.000000000000000	0.0	0	0.0	0.0032	0.0	56
46	0.0000000000	0.000000000000000	0.0	0	0.0	0.0032	0.0	56
47	0.0000000000	0.000000000000000	0.0	0	0.0	0.0032	0.0	56
48	0.0000000000	0.000000000000000	0.0	0	0.0	0.0032	0.0	56
49	0.0000000000	0.000000000000000	0.0	0	0.0	0.0032	0.0	56
50	0.0000000000	0.000000000000000	0.0	0	0.0	0.0032	0.0	56
51	0.0000000000	0.000000000000000	0.0	0	0.0	0.0032	0.0	56
52	0.0000000000	0.000000000000000	0.0	0	0.0	0.0032	0.0	56
53	0.0000000000	0.000000000000000	0.0	0	0.0	0.0032	0.0	56
54	0.0000000000	0.000000000000000	0.0	0	0.0	0.0032	0.0	56
55	0.0000000000	0.000000000000000	0.0	0	0.0	0.0032	0.0	56
56	0.0000000000	0.000000000000000	0.0	0	0.0	0.0032	0.0	56
57	0.0000000000	0.000000000000000	0.0	0	0.0	0.0032	0.0	56
58	0.0000000000	0.000000000000000	0.0	0	0.0	0.0032	0.0	56
59	0.0000000000	0.000000000000000	0.0	0	0.0	0.0032	0.0	56
60	0.0000000000	0.000000000000000	0.0	0	0.0	0.0032	0.0	56
61	0.0000000000	0.000000000000000	0.0	0	0.0	0.0032	0.0	56
62	0.0000000000	0.000000000000000	0.0	0	0.0	0.0032	0.0	56
63	0.0000000000	0.000000000000000	0.0	0	0.0	0.0032	0.0	56
64	0.0000000000	0.000000000000000	0.0	0	0.0	0.0032	0.0	56
65	0.0000000000	0.000000000000000	0.0	0	0.0	0.0032	0.0	56
66	0.0000000000	0.000000000000000	0.0	0	0.0	0.0032	0.0	56
67	0.0000000000	0.000000000000000	0.0	0	0.0	0.0032	0.0	56
68	0.0000000000	0.000000000000000	0.0	0	0.0	0.0032	0.0	56
69	0.0000000000	0.000000000000000	0.0	0	0.0	0.0032	0.0	56
70	0.0000000000	0.000000000000000	0.0	0	0.0	0.0032	0.0	56
71	0.0000000000	0.000000000000000	0.0	0	0.0	0.0032	0.0	56
72	0.0000000000	0.000000000000000	0.0	0	0.0	0.0032	0.0	56
73	0.0000000000	0.000000000000000	0.0	0	0.0	0.0032	0.0	56
74	0.0000000000	0.000000000000000	0.0	0	0.0	0.0032	0.0	56
75	0.0000000000	0.000000000000000	0.0	0	0.0	0.0032	0.0	56
76	0.0000000000	0.000000000000000	0.0	0	0.0	0.0032	0.0	56
77	0.0000000000	0.000000000000000	0.0	0	0.0	0.0032	0.0	56
78	0.0000000000	0.000000000000000	0.0	0	0.0	0.0032	0.0	56
79	0.0000000000	0.000000000000000	0.0	0	0.0	0.0032	0.0	56
80	0.0000000000	0.000000000000000	0.0	0	0.0	0.0032	0.0	56
81	0.0000000000	0.000000000000000	0.0	0	0.0	0.0032	0.0	56
82	0.0000000000	0.000000000000000	0.0	0	0.0	0.0032	0.0	56
83	0.0000000000	0.000000000000000	0.0	0	0.0	0.0032	0.0	56
84	0.0000000000	0.000000000000000	0.0	0	0.0	0.0032	0.0	56
85	0.0000000000	0.000000000000000	0.0	0	0.0	0.0032	0.0	56
86	0.0000000000	0.000000000000000	0.0	0	0.0	0.0032	0.0	56
87	0.0000000000	0.000000000000000	0.0	0	0.0	0.0032	0.0	56
88	0.0000000000	0.000000000000000	0.0	0	0.0	0.0032	0.0	56
89	0.0000000000	0.000000000000000	0.0	0	0.0	0.0032	0.0	56
90	0.0000000000	0.000000000000000	0.0	0	0.0	0.0032	0.0	56
91	0.0000000000	0.000000000000000	0.0	0	0.0	0.0032	0.0	56
92	0.0000000000	0.000000000000000	0.0	0	0.0	0.0032	0.0	56
93	0.0000000000	0.000000000000000	0.0	0	0.0	0.0032	0.0	56
94	0.0000000000	0.000000000000000	0.0	0	0.0	0.0032	0.0	56
95	0.0000000000	0.000000000000000	0.0	0	0.0	0.0032	0.0	56
96	0.0000000000	0.000000000000000	0.0	0	0.0	0.0032	0.0	56
97	0.0000000000	0.000000000000000	0.0	0	0.0	0.0032	0.0	56
98	0.0000000000	0.000000000000000	0.0	0	0.0	0.0032	0.0	56
99	0.0000000000	0.000000000000000	0.0	0	0.0	0.0032	0.0	56
100	0.0000000000	0.000000000000000	0.0	0	0.0	0.0032	0.0	56
101	0.0000000000	0.000000000000000	0.0	0	0.0	0.0032	0.0	56
102	0.0000000000	0.000000000000000	0.0	0	0.0	0.0032	0.0	56
103	0.0000000000	0.000000000000000	0.0	0	0.0	0.0032	0.0	56
104	0.0000000000	0.000000000000000	0.0	0	0.0	0.0032	0.0	56
105	0.0000000000	0.000000000000000	0.0	0	0.0	0.0032	0.0	56
106	0.0000000000	0.000000000000000	0.0	0	0.0	0.0032	0.0	56
107	0.0000000000	0.000000000000000	0.0	0	0.0	0.0032	0.0	56
108	0.0000000000	0.000000000000000	0.0	0	0.0	0.0032	0.0	56
109	0.0000000000	0.000000000000000	0.0	0	0.0	0.0032	0.0	56
110	0.0000000000	0.000000000000000	0.0	0	0.0	0.0032	0.0	56
111	0.0000000000	0.000000000000000	0.0	0	0.0	0.0032	0.0	56
112	0.0000000000	0.000000000000000	0.0	0	0.0	0.0032	0.0	56
113	0.0000000000	0.000000000000000	0.0	0	0.0	0.0032	0.0	56
114	0.0000000000	0.000000000000000	0.0	0	0.0	0.0032	0.0	56
115	0.0000000000	0.000000000000000	0.0	0	0.0	0.0032	0.0	56
116	0.0000000000	0.000000000000000	0.0	0	0.0	0.0032	0.0	56
117	0.0000000000	0.000000000000000	0.0	0	0.0	0.0032	0.0	56
118	0.0000000000	0.000000000000000	0.0	0	0.0	0.0032	0.0	56
119	0.0000000000	0.000000000000000	0.0	0	0.0	0.0032	0.0	56
120	0.0000000000	0.000000000000000	0.0	0	0.0	0.0032	0.0	56
121	0.0000000000	0.000000000000000	0.0	0	0.0	0.0032	0.0	56
122	0.0000000000	0.000000000000000	0.0	0	0.0	0.0032	0.0	56
123	0.0000000000	0.000000000000000	0.0	0	0.0	0.0032	0.0	56
124	0.0000000000	0.000000000000000	0.0	0	0.0	0.0032	0.0	56
125	0.0000000000	0.000000000000000	0.0	0	0.0	0.0032	0.0	56
126	0.0000000000	0.000000000000000	0.0	0	0.0	0.0032	0.0	56
127	0.0000000000	0.000000000000000	0.0	0	0.0	0.0032	0.0	56
128	0.0000000000	0.000000000000000	0.0	0	0.0	0.0032	0.0	56
129	0.0000000000	0.000000000000000	0.0	0	0.0	0.0032	0.0	56
130	0.0000000000	0.000000000000000	0.0	0	0.0	0.0032	0.0	56
131	0.0000000000	0.000000000000000	0.0	0	0.0	0.0032	0.0	56
132	0.0000000000	0.000000000000000	0.0	0	0.0	0.0032	0.0	56
133	0.0000000000	0.000000000000000	0.0	0	0.0	0.0032	0.0	56
134	0.0000000000	0.000000000000000	0.0	0	0.0	0.0032	0.0	56
135	0.0000000000	0.000000000000000	0.0	0	0.0	0.0032	0.0	56
136	0.0000000000	0.000000000000000	0.0	0	0.0	0.0032	0.0	56
137	0.0000000000	0.000000000000000	0.0	0	0.0	0.0032	0.0	56
138	0.0000000000	0.000000000000000	0.0	0	0.0	0.0032	0.0	56
139	0.0000000000	0.000000000000000	0.0	0	0.0	0.0032	0.0	56
140	0.0000000000	0.000000000000000	0.0	0	0.0	0.0032	0.0	56
141	0.0000000000	0.000000000000000	0.0	0	0.0	0.0032	0.0	56
142	0.0000000000	0.000000000000000	0.0	0	0.0	0.0032	0.0	56
143	0.0000000000	0.000000000000000	0.0	0	0.0	0.0032	0.0	56
144	0.0000000000	0.000000000000000	0.0	0	0.0	0.0032	0.0	56
145	0.0000000000	0.000000000000000	0.0	0	0.0	0.0032	0.0	56
146	0.0000000000	0.000000000000000	0.0	0	0.0	0.0032	0.0	56
147	0.0000000000	0.000000000000000	0.0	0	0.0	0.0032	0.0	56
148	0.0000000000	0.000000000000000	0.0	0	0.0	0.0032	0.0	56
149	0.0000000000	0.000000000000000	0.0	0	0.0	0.0032	0.0	56
150	0.0000000000	0.000000000000000	0.0	0	0.0	0.0032	0.0	56
151	0.0000000000	0.000000000000000	0.0	0	0.0	0.0032	0.0	56
152	0.0000000000	0.000000000000000	0.0	0	0.0	0.0032	0.0	56
153	0.0000000000	0.000000000000000	0.0	0	0.0	0.0032	0.0	56
154	0.0000000000	0.000000000000000	0.0	0	0.0	0.0032	0.0	56
155	0.0000000000	0.000000000000000	0.0	0	0.0	0.0032	0.0	56
156	0.0000000000	0.000000000000000	0.0	0	0.0	0.0032	0.0	56
157	0.0000000000	0.000000000000000	0.0	0	0.0	0.0032	0.0	56
158	0.0000000000	0.000000000000000	0.0	0	0.0	0.0032	0.0	56
159	0.0000000000	0.000000000000000	0.0	0	0.0	0.0032	0.0	56
160	0.0000000000	0.000000000000000	0.0	0	0.0	0.0032	0.0	56
161	0.0000000000	0.000000000000000	0.0	0	0.0	0.0032	0.0	56
162	0.0000000000	0.000000000000000	0.0	0	0.0	0.0032	0.0	56
163	0.0000000000	0.000000000000000	0.0	0	0.0	0.0032	0.0	56
164	0.0000000000	0.000000000000000	0.0	0	0.0	0.0032	0.0	56
165	0.0000000000	0.000000000000000	0.0	0	0.0	0.0032	0.0	56
166	0.0000000000	0.000000000000000	0.0	0	0.0	0.0032	0.0	56
167	0.0000000000	0.000000000000000	0.0	0	0.0	0.0032	0.0	56
168	0.0000000000	0.000000000000000	0.0	0	0.0	0.0032	0.0	56
169	0.0000000000	0.000000000000000	0.0	0	0.0	0.0032	0.0	56
170	0.0000000000	0.000000000000000	0.0	0	0.0	0.0032	0.0	56
171	0.0000000000	0.000000000000000	0.0	0	0.0	0.0032	0.0	56
172	0.0000000000	0.000000000000000	0.0	0	0.0	0.0032	0.0	56
173	0.0000000000	0.000000000000000	0.0	0	0.0	0.0032	0.0	56
174	0.0000000000	0.000000000000000	0.0	0	0.0	0.0032	0.0	56
175	0.0000000000	0.000000000000000	0.0	0	0.0	0.0032	0.0	56
176	0.0000000000	0.000000000000000	0.0	0	0.0	0.0032	0.0	56
177	0.0000000000	0.000000000000000	0.0	0	0.0	0.0032	0.0	56
178	0.0000000000	0.000000000000000	0.0	0	0.0	0.0032	0.0	56
179	0.0000000000	0.000000000000000	0.0	0	0.0	0.0032	0.0	56
180	0.0000000000	0.000000000000000	0.0	0	0.0	0.0032	0.0	56
181	0.0000000000	0.000000000000000	0.0	0	0.0	0.0032	0.0	56
182	0.0000000000	0.000000000000000	0.0	0	0.0	0.0032	0.0	56
183	0.0000000000	0.000000000000000	0.0	0	0.0	0.0032	0.0	56
184	0.0000000000	0.000000000000000	0.0	0	0.0	0.0032	0.0	56
185	0.0000000000	0.000000000000000	0.0	0	0.0	0.0032	0.0	56
186	0.0000000000	0.000000000000000	0.0	0	0.0	0.0032	0.0	56
187	0.0000000000	0.000000000000000	0.0	0	0.0	0.0032	0.0	56
188	0.0000000000	0.000000000000000	0.0	0	0.0	0.0032	0.0	56
189	0.0000000000	0.000000000000000	0.0	0	0.0	0.0032	0.0	56
190	0.0000000000	0.000000000000000	0.0	0	0.0	0.0032	0.0	56
191	0.0000000000	0.000000000000000	0.0	0	0.0	0.0032	0.0	56
192	0.0000000000	0.000000000000000	0.0	0	0.0	0.0032	0.0	56
193	0.0000000000	0.000000000000000	0.0	0	0.0	0.0032	0.0	56
194	0.0000000000	0.000000000000000	0.0	0	0.0	0.0032	0.0	56
195	0.0000000000	0.000000000000000	0.0	0	0.0	0.0032	0.0	56
196	0.0000000000	0.000000000000000	0.0	0	0.0	0.0032	0.0	56
197	0.0000000000	0.000000000000000	0.0	0	0.0	0.0032	0.0	56
198	0.0000000000	0.000000000000000	0.0	0	0.0	0.0032	0.0	56
199	0.0000000000	0.000000000000000	0.0	0	0.0	0.0032	0.0	56
200	0.0000000000	0.000000000000000	0.0	0	0.0	0.0032	0.0	56
201	0.0000000000	0.000000000000000	0.0	0	0.0	0.0032	0.0	56
202	0.0000000000	0.000000000000000	0.0	0	0.0	0.0032	0.0	56
203	0.0000000000	0.000000000000000	0.0	0	0.0	0.0032	0.0	56
204	0.0000000000	0.000000000000000	0.0	0	0.0	0.0032	0.0	56
205	0.0000000000	0.000000000000000	0.0	0	0.0	0.0032	0.0	56
206	0.0000000000	0.000000000000000	0.0	0	0.0	0.0032	0.0	56
207	0.0000000000	0.000000000000000	0.0	0	0.0	0.0032	0.0	56
208	0.0000000000	0.000000000000000	0.0	0	0.0	0.0032	0.0	56
209	0.0000000000	0.000000000000000	0.0	0	0.0	0.0032	0.0	56
210	0.0000000000	0.000000000000000	0.0	0	0.0	0.0032	0.0	56
211	0.0000000000	0.000000000000000	0.0	0	0.0	0.0032	0.0	56
212	0.0000000000	0.000000000000000	0.0	0	0.0	0.0032	0.0	56
213	0.0000000000	0.000000000000000	0.0	0	0.0	0.0032	0.0	56
214	0.0000000000	0.000000000000000	0.0	0	0.0	0.0032	0.0	56
215	0.0000000000	0.000000000000000	0.0	0	0.0	0.0032	0.0	56
216	0.0000000000	0.000000000000000	0.0	0	0.0	0.0032	0.0	56
217	0.0000000000	0.000000000000000	0.0	0	0.0	0.0032	0.0	56
218	0.0000000000	0.000000000000000	0.0	0	0.0	0.0032	0.0	56
219	0.0000000000	0.000000000000000	0.0	0	0.0	0.0032	0.0	56
220	0.0000000000	0.000000000000000	0.0	0	0.0	0.0032	0.0	56
221	0.0000000000	0.000000000000000	0.0	0	0.0	0.0032	0.0	56
222	0.0000000000	0.000000000000000	0.0	0	0.0	0.0032	0.0	56
223	0.0000000000	0.000000000000000	0.0	0	0.0	0.0032	0.0	56
224	0.0000000000	0.000000000000000	0.0	0	0.0	0.0032	0.0	56
225	0.0000000000	0.000000000000000	0.0	0	0.0	0.0032	0.0	56
226	0.0000000000	0.000000000000000	0.0	0	0.0	0.0032	0.0	56
227	0.0000000000	0.000000000000000	0.0	0	0.0	0.0032	0.0	56
228	0.0000000000	0.000000000000000	0.0	0	0.0	0.0032	0.0	56
229	0.0000000000	0.000000000000000	0.0	0	0.0	0.0032	0.0	56
230	0.0000000000	0.000000000000000	0.0	0	0.0	0.0032	0.0	56
231	0.0000000000	0.000000000000000	0.0	0	0.0	0.0032	0.0	56
232	0.0000000000	0.000000000000000	0.0	0	0.0	0.0032	0.0	56
233	0.0000000000	0.000000000000000	0.0	0	0.0	0.0032	0.0	56
234	0.0000000000	0.000000000000000	0.0	0	0.0	0.0032	0.0	56
235	0.0000000000	0.000000000000000	0.0	0	0.0	0.0032	0.0	56
236	0.0000000000	0.000000000000000	0.0	0	0.0	0.0032	0.0	56
237	0.0000000000	0.000000000000000	0.0	0	0.0	0.0032	0.0	56
238	0.0000000000	0.000000000000000	0.0	0	0.0	0.0032	0.0	56
239	0.0000000000	0.000000000000000	0.0	0	0.0	0.0032	0.0	56
240	0.0000000000	0.000000000000000	0.0	0	0.0	0.0032	0.0	56
241	0.0000000000	0.000000000000000	0.0	0	0.0	0.0032	0.0	56
242	0.0000000000	0.000000000000000	0.0	0	0.0	0.0032	0.0	56
243	0.0000000000	0.000000000000000	0.0	0	0.0	0.0032	0.0	56
244	0.0000000000	0.000000000000000	0.0	0	0.0	0.0032	0.0	56
245	0.0000000000	0.000000000000000	0.0	0	0.0	0.0032	0.0	56
246	0.0000000000	0.000000000000000	0.0	0	0.0	0.0032	0.0	56
247	0.0000000000	0.000000000000000	0.0	0	0.0	0.0032	0.0	56
248	0.0000000000	0.000000000000000	0.0	0	0.0	0.0032	0.0	56
249	0.0000000000	0.000000000000000	0.0	0	0.0	0.0032	0.0	56
250	0.0000000000	0.000000000000000	0.0	0	0.0	0.0032	0.0	56
251	0.0000000000	0.000000000000000	0.0	0	0.0	0.0032	0.0	56
252	0.0000000000	0.000000000000000	0.0	0	0.0	0.0032	0.0	56
253	0.0000000000	0.000000000000000	0.0	0	0.0	0.0032	0.0	56
254	0.0000000000	0.000000000000000	0.0	0	0.0	0.0032	0.0	56
255	0.0000000000	0.000000000000000	0.0	0	0.0	0.0032	0.0	56
256	0.0000000000	0.000000000000000	0.0	0	0.0	0.0032	0.0	56
257	0.0000000000	0.000000000000000	0.0	0	0.0	0.0032	0.0	56
258	0.0000000000	0.000000000000000	0.0	0	0.0	0.0032	0.0	56
259	0.0000000000	0.000000000000000	0.0	0	0.0	0.0032	0.0	56
260	0.0000000000	0.000000000000000	0.0	0	0.0	0.0032	0.0	56
261	0.0000000000	0.000000000000000	0.0	0	0.0	0.0032	0.0	56
262	0.0000000000	0.000000000000000	0.0	0	0.0	0.0032	0.0	56
263	0.0000000000	0.000000000000000	0.0	0	0.0	0.0032	0.0	56
264	0.0000000000	0.000000000000000	0.0	0	0.0	0.0032	0.0	56
265	0.0000000000	0.000000000000000	0.0	0	0.0	0.0032	0.0	56
266	0.0000000000	0.000000000000000	0.0	0	0.0	0.0032	0.0	56
267	0.0000000000	0.000000000000000	0.0	0	0.0	0.0032	0.0	56
268	0.0000000000	0.000000000000000	0.0	0	0.0	0.0032	0.0	56
269	0.0000000000	0.000000000000000	0.0	0	0.0	0.0032	0.0	56
270	0.0000000000	0.000000000000000	0.0	0	0.0	0.0032	0.0	56
271	0.0000000000	0.000000000000000	0.0	0	0.0	0.0032	0.0	56
272	0.0000000000	0.000000000000000	0.0	0	0.0	0.0032	0.0	56
273	0.0000000000	0.000000000000000	0.0	0	0.0	0.0032	0.0	56
274	0.0000000000	0.000000000000000	0.0	0	0.0	0.0032	0.0	56
275	0.0000000000	0.000000000000000	0.0	0	0.0	0.0032	0.0	56
276	0.0000000000	0.000000000000000	0.0	0	0.0	0.0032	0.0	56
277	0.0000000000	0.000000000000000	0.0	0	0.0	0.0032	0.0	56
278	0.0000000000	0.000000000000000	0.0	0	0.0	0.0032	0.0	56
279	0.0000000000	0.000000000000000	0.0	0	0.0	0.0032	0.0	56
280	0.0000000000	0.000000000000000	0.0	0	0.0	0.0032	0.0	56
281	0.0000000000	0.000000000000000	0.0	0	0.0	0.0032	0.0	56
282	0.0000000000	0.000000000000000	0.0	0	0.0	0.0032	0.0	56
283	0.0000000000	0.000000000000000	0.0	0	0.0	0.0032	0.0	56
284	0.0000000000	0.000000000000000	0.0	0	0.0	0.0032	0.0	56
285	0.0000000000	0.000000000000000	0.0	0	0.0	0.0032	0.0	56
286	0.0000000000	0.000000000000000	0.0	0	0.0	0.0032	0.0	56
287	0.0000000000	0.000000000000000	0.0	0	0.0	0.0032	0.0	56
288	0.0000000000	0.000000000000000	0.0	0	0.0	0.0032	0.0	56
289	0.0000000000	0.000000000000000	0.0	0	0.0	0.0032	0.0	56
290	0.0000000000	0.000000000000000	0.0	0	0.0	0.0032	0.0	56
291	0.0000000000	0.000000000000000	0.0	0	0.0	0.0032	0.0	56
292	0.0000000000	0.000000000000000	0.0	0	0.0	0.0032	0.0	56
293	0.0000000000	0.000000000000000	0.0	0	0.0	0.0032	0.0	56
294	0.0000000000	0.000000000000000	0.0	0	0.0	0.0032	0.0	56
295	0.0000000000	0.000000000000000	0.0	0	0.0	0.0032	0.0	56
296	0.0000000000	0.000000000000000	0.0	0	0.0	0.0032	0.0	56
297	0.0000000000	0.000000000000000	0.0	0	0.0	0.0032	0.0	56
298	0.0000000000	0.000000000000000	0.0	0	0.0	0.0032	0.0	56
299	0.0000000000	0.000000000000000	0.0	0	0.0	0.0032	0.0	56
300	0.0000000000	0.000000000000000	0.0	0	0.0	0.0032	0.0	56
301	0.0000000000	0.000000000000000	0.0	0	0.0	0.0032	0.0	56
302	0.0000000000	0.000000000000000	0.0	0	0.0	0.0032	0.0	56
303	0.0000000000	0.000000000000000	0.0	0	0.0	0.0032	0.0	56
304	0.0000000000	0.000000000000000	0.0	0	0.0	0.0032	0.0	56
305	0.0000000000	0.000000000000000	0.0	0	0.0	0.0032	0.0	56
306	0.0000000000	0.000000000000000	0.0	0	0.0	0.0032	0.0	56
307	0.0145431698	0.000000000000000	0.8287485470747772	1.0	0.003257328990228013	0.0032	0.0	56
308	0.0145431698	0.000000000000000	0.8287485470747772	1.0	0.003246753246753247	0.0032	0.0	56
309	0.0145431698	0.000000000000000	0.8287485470747772	1.0	0.003236245954692557	0.0032	0.0	56
310	0.0145431698	0.000000000000000	0.8287485470747772	1.0	0.0032258064516129032	0.0032	0.0	56
311	0.0145431698	0.000000000000000	0.8287485470747772	1.0	0.003215434083601286	0.0032	0.0	56
312	0.0145431698	0.000000000000000	0.8287485470747772	1.0	0.003205128205128205	0.0032	0.0	56
313	0.0145431698	0.000000000000000	0.8287485470747772	1.0	0.003194888178913738	0.0032	0.0	56
314	0.0145431698	0.000000000000000	0.8287485470747772	1.0	0.0031847133757961785	0.0032	0.0	56
315	0.0145431698	0.000000000000000	0.8287485470747772	1.0	0.0031746031746031746	0.0032	0.0	56
316	0.0145431698	0.000000000000000	0.8287485470747772	1.0	0.0031645569620253164	0.0032	0.0	56
317	0.0145431698	0.000000000000000	0.8287485470747772	1.0	0.0031545741324921135	0.0032	0.0	56
318	0.0180558542	0.000000000000000	1.798430240867086	2	0.006289308176100629	0.0032	0.0	56
319	0.0180558542	0.000000000000000	1.798430240867086	2	0.006269592476489028	0.0032	0.0	56
320	0.0180558542	0.000000000000000	1.798430240867086	2	0.00625	0.0032	0.0	56
321	0.0180558542	0.000000000000000	1.798430240867086	2	0.006230529595015576	0.0032	0.0	56
322	0.0180558542	0.000000000000000	1.798430240867086	2	0.006211180124223602	0.0032	0.0	56
323	0.0180558542	0.000000000000000	1.798430240867086	2	0.006191950464396285	0.0032	0.0	56
324	0.0180558542	0.000000000000000	1.798430240867086	2	0.006172839506172839	0.0032	0.0	56
325	0.0180558542	0.000000000000000	1.798430240867086	2	0.006153846153846154	0.0032	0.0	56
326	0.0180558542	0.000000000000000	1.798430240867086	2	0.006134969325153374	0.0032	0.0	56
327	0.0180558542	0.000000000000000	1.798430240867086	2	0.0061162079510703364	0.0032	0.0	56
328	0.0180558542	0.000000000000000	1.798430240867086	2	0.006097560975609756	0.0032	0.0	56
329	0.0180558542	0.000000000000000	1.798430240867086	2	0.0060790273556231	0.0032	0.0	56
330	0.0180558542	0.000000000000000	1.798430240867086	2	0.006060606060606061	0.0032	0.0	56
331	0.0181377402	0.000000000000000	2.7132693025146586	3	0.00906344410876133	0.0032	0.0	56
332	0.0181377402	0.000000000000000	2.7132693025146586	3	0.009036144578313253	0.0032	0.0	56
333	0.0181377402	0.000000000000000	2.7132693025146586	3	0.009009009009009009	0.0032	0.0	56
334	0.0181377402	0.000000000000000	2.7132693025146586	3	0.008982035928143712	0.0032	0.0	56
335	0.0181377402	0.000000000000000	2.7132693025146586	3	0.008955223880597015	0.0032	0.0	56
336	0.0181377402	0.000000000000000	2.7132693025146586	3	0.008928571428571428	0.0032	0.0	56
337	0.0181377402	0.000000000000000	2.7132693025146586	3	0.008902077151335312	0.0032	0.0	56
338	0.0181377402	0.000000000000000	2.7132693025146586	3	0.008875739644970414	0.0032	0.0	56
339	0.0181377402	0.000000000000000	2.7132693025146586	3	0.008849557522123894	0.0032	0.0	56
340	0.0181377402	0.000000000000000	2.7132693025146586	3	0.008823529411764706	0.0032	0.0	56
341	0.0181377402	0.000000000000000	2.7132693025146586	3	0.008797653958944282	0.0032	0.0	56
342	0.0181377402	0.000000000000000	2.7132693025146586	3	0.008771929824561403	0.0032	0.0	56
343	0.0181377402	0.000000000000000	3.697881997041674	4	0.011661807580174927	0.0032	0.0	56
344	0.0181377402	0.000000000000000	3.697881997041674	4	0.011627906976744186	0.0032	0.0	56
345	0.0181377402	0.000000000000000	3.697881997041674	4	0.011594202898550725	0.0032	0.0	56
346	0.0181377402	0.000000000000000	3.697881997041674	4	0.011560693641618497	0.0032	0.0	56
347	0.0181377402	0.000000000000000	3.697881997041674	4	0.011527377521613832	0.0032	0.0	56
348	0.0181377402	0.000000000000000	3.697881997041674	4	0.011494252873563218	0.0032	0.0	56
349	0.0181377402	0.000000000000000	3.697881997041674	4	0.011461318051575931	0.0032	0.0	56
350	0.0181377402	0.000000000000000	3.697881997041674	4	0.011428571428571429	0.0032	0.0	56
351	0.0181377402	0.000000000000000	3.697881997041674	4	0.011396011396011397	0.0032	0.0	56
352	0.0181377402	0.000000000000000	3.697881997041674	4	0.011363636363636364	0.0032	0.0	56
353	0.0181377402	0.000000000000000	3.697881997041674	4	0.0113314447592068	0.0032	0.0	56
354	0.0181377402	0.000000000000000	3.697881997041674	4	0.011299435028248588	0.0032	0.0	56
355	0.0181377402	0.000000000000000	3.697881997041674	4	0.011267605633802818	0.0032	0.0	56
356	0.0218147548	0.000000000000000	4.452244894483701	5	0.014044943820224719	0.0032	0.0	56
357	0.0218147548	0.000000000000000	4.452244894483701	5	0.014005602240896359	0.0032	0.0	56
358	0.0218147548	0.000000000000000	4.452244894483701	5	0.013966480446927373	0.0032	0.0	56
359	0.0218147548	0.000000000000000	4.452244894483701	5	0.013927576601671309	0.0032	0.0	56
360	0.0218147548	0.000000000000000	5.436991243113897	6	0.016666666666666666	0.0032	0.0	56
361	0.0218147548	0.000000000000000	5.436991243113897	6	0.01662049861495845	0.0032	0.0	56
362	0.0218147548	0.000000000000000	5.436991243113897	6	0.016574585635359115	0.0032	0.0	56
363	0.0218147548	0.000000000000000	5.436991243113897	6	0.01652892561983471	0.0032	0.0	56
364	0.0218147548	0.000000000000000	5.436991243113897	6	0.016483516483516484	0.0032	0.0	56
365	0.0218147548	0.000000000000000	5.436991243113897	6	0.01643835616438356	0.0032	0.0	56
366	0.0255085211	0.000000000000000	6.419482825605479	7	0.01912568306010929	0.0032	0.0	56
367	0.0182203722	0.000000000000000	7.384760603383257	8	0.021798365122615803	0.0032	0.0	56
368	0.0182203722	0.000000000000000	7.384760603383257	8	0.021739130434782608	0.0032	0.0	56
369	0.0182203722	0.000000000000000	7.384760603383257	8	0.02168021680216802	0.0032	0.0	56
370	0.0181377402	0.000000000000000	8.369315902513383	9	0.024324324324324326	0.0032	0.0	56
371	0.0181377402	0.000000000000000	8.369315902513383	9	0.02425876010781671	0.0032	0.0	56
372	0.0181377402	0.000000000000000	8.369315902513383	9	0.024193548387096774	0.0032	0.0	56
373	0.0217160455	0.000000000000000	8.284146260060998	9	0.02680965147453083	0.0032	0.0	56
374	0.0217160455	0.000000000000000	8.284146260060998	9	0.026737967914438502	0.0032	0.0	56
375	0.0217160455	0.000000000000000	8.284146260060998	9	0.02666666666666667	0.0032	0.0	56
376	0.0217160455	0.000000000000000	8.284146260060998	9	0.026595744680851064	0.0032	0.0	56
377	0.0217160455	0.000000000000000	8.284146260060998	9	0.026525198938992044	0.0032	0.0	56
378	0.0217160455	0.000000000000000	8.284146260060998	9	0.026455026455026454	0.0032	0.0	56
379	0.0217160455	0.000000000000000	8.444622424266543	9	0.029023746701846966	0.0032	0.0	56
380	0.0217160455	0.000000000000000	8.444622424266543	9	0.02894736842105263	0.0032	0.0	56
381	0.0217160455	0.000000000000000	8.489335667583509	9	0.031496062992125984	0.0032	0.0	56
382	0.0217160455	0.000000000000000	8.489335667583509	9	0.031413612565445025	0.0032	0.0	56
383	0.0217160455	0.000000000000000	8.489335667583509	9	0.031331592689295036	0.0032	0.0	56
384	0.0217160455	0.000000000000000	8.489335667583509	9	0.03125	0.0032	0.0	56
385	0.0217160455	0.000000000000000	8.489335667583509	9	0.03116883116883117	0.0032	0.0	56
386	0.0217160455	0.000000000000000	8.489335667583509	9	0.031088082901554404	0.0032	0.0	56
387	0.0217160455	0.000000000000000	8.489335667583509	9	0.031007751937984496	0.0032	0.0	56
388	0.0217160455	0.000000000000000	8.489335667583509	9	0.030927835051546393	0.0032	0.0	56
389	0.0217160455	0.000000000000000	8.489335667583509	9	0.030848329048843187	0.0032	0.0	56
390	0.0180558542	0.000000000000000	9.418283036004562	10	0.03333333333333333	0.0032	0.0	56
391	0.0180558542	0.000000000000000	9.418283036004562	10	0.03324808184143223	0.0032	0.0	56
392	0.0180558542	0.000000000000000	9.332979739448996	10	0.03571428571428571	0.0032	0.0	56
393	0.0180558542	0.000000000000000	9.332979739448996	10	0.035623409669211195	0.0032	0.0	56
394	0.0180558542	0.000000000000000	9.332979739448996	10	0.03553299492385787	0.0032	0.0	56
395	0.0180558542	0.000000000000000	9.332979739448996	10	0.035443037974683546	0.0032	0.0	56
396	0.0180558542	0.000000000000000	9.332979739448996	10	0.03535353535353535	0.0032	0.0	56
397	0.0180558542	0.000000000000000	9.332979739448996	10	0.03526448362720403	0.0032	0.0	56
398	0.0180558542	0.000000000000000	9.332979739448996	10	0.035175879396984924	0.0032	0.0	56
399	0.0144121503	0.000000000000000	9.346488156957415	10	0.03759398496240601	0.0032	0.0	56
400	0.0144121503	0.000000000000000	9.346488156957415	10	0.0375	0.0032	0.0	56
401	0.0144121503	0.000000000000000	9.346488156957415	10	0.03740648379052369	0.0032	0.0	56
402	0.0144121503	0.000000000000000	9.346488156957415	10	0.03731343283582089	0.0032	0.0	56
403	0.0144121503	0.000000000000000	9.346488156957415	10	0.03722084367245657	0.0032	0.0	56
404	0.0144121503	0.000000000000000	9.346488156957415	10	0.03712871287128713	0.0032	0.0	56
405	0.0144121503	0.000000000000000	9.346488156957415	10	0.037037037037037035	0.0032	0.0	56
406	0.0144121503	0.000000000000000	9.346488156957415	10	0.03694581280788178	0.0032	0.0	56
407	0.0144121503	0.000000000000000	10.28847077307217	11	0.03931203931203931	0.0032	0.0	56
408	0.0144121503	0.000000000000000	10.28847077307217	11	0.0392156862745098	0.0032	0.0	56
409	0.0144121503	0.000000000000000	11.246546728231172	12	0.04156479217603912	0.0032	0.0	56
410	0.0144121503	0.000000000000000	11.246546728231172	12	0.041463414634146344	0.0032	0.0	56
411	0.0144121503	0.000000000000000	11.246546728231172	12	0.0413625304136253	0.0032	0.0	56
412	0.0144121503	0.000000000000000	11.246546728231172	12	0.0412621359223301	0.0032	0.0	56
413	0.0144121503	0.000000000000000	11.246546728231172	12	0.04116222760290557	0.0032	0.0	56
414	0.0144121503	0.000000000000000	11.246546728231172	12	0.04106280193236715	0.0032	0.0	56
415	0.0144121503	0.000000000000000	11.246546728231172	12	0.04096385542168675	0.0032	0.0	56
416	0.0144121503	0.000000000000000	11.246546728231172	12	0.040865384615384616	0.0032	0.0	56
417	0.0144121503	0.000000000000000	11.246546728231172	12	0.0407673860911271	0.0032	0.0	56
418	0.0144121503	0.000000000000000	11.246546728231172	12	0.04066985645933014	0.0032	0.0	56
419	0.0144121503	0.000000000000000	11.246546728231172	12	0.0405727923627685	0.0032	0.0	56
420	0.0144121503	0.000000000000000	11.246546728231172	12	0.04047619047619048	0.0032	0.0	56
421	0.0144121503	0.000000000000000	11.246546728231172	12	0.040380047505938245	0.0032	0.0	56
422	0.0144121503	0.000000000000000	11.246546728231172	12	0.04028436018957346	0.0032	0.0	56
423	0.0144121503	0.000000000000000	11.246546728231172	12	0.04018912529550828	0.0032	0.0	56
424	0.0144121503	0.000000000000000	11.246546728231172	12	0.04009433962264151	0.0032	0.0	56
425	0.0144121503	0.000000000000000	11.246546728231172	12	0.04	0.0032	0.0	56
426	0.0144121503	0.000000000000000	11.246546728231172	12	0.03990610328638498	0.0032	0.0	56
427	0.0144121503	0.000000000000000	11.246546728231172	12	0.03981264637002342	0.0032	0.0	56
428	0.0144121503	0.000000000000000	11.246546728231172	12	0.0397196261682243	0.0032	0.0	56
429	0.0144121503	0.000000000000000	11.295967507775131	12	0.04195804195804196	0.0032	0.0	56
430	0.0144121503	0.000000000000000	11.295967507775131	12	0.04186046511627907	0.0032	0.0	56
431	0.0144121503	0.000000000000000	11.295967507775131	12	0.04176334106728538	0.0032	0.0	56
432	0.0144121503	0.000000000000000	11.295967507775131	12	0.041666666666666664	0.0032	0.0	56
433	0.0144121503	0.000000000000000	11.295967507775131	12	0.04157043879907621	0.0032	0.0	56
434	0.0144121503	0.000000000000000	11.295967507775131	12	0.041474654377880185	0.0032	0.0	56
435	0.0144121503	0.000000000000000	11.295967507775131	12	0.041379310344827586	0.0032	0.0	56
436	0.0144121503	0.000000000000000	11.295967507775131	12	0.04128440366972477	0.0032	0.0	56
437	0.0144121503	0.000000000000000	11.295967507775131	12	0.041189931350114416	0.0032	0.0	56
438	0.0144121503	0.000000000000000	11.295967507775131	12	0.0410958904109589	0.0032	0.0	56
439	0.0144121503	0.000000000000000	11.295967507775131	12	0.04100227790432802	0.0032	0.0	56
440	0.0144121503	0.000000000000000	11.295967507775131	12	0.04090909090909091	0.0032	0.0	56
441	0.0144121503	0.000000000000000	11.295967507775131	12	0.04081632653061224	0.0032	0.0	56
442	0.0144121503	0.000000000000000	11.295967507775131	12	0.04072398190045249	0.0032	0.0	56
443	0.0144121503	0.000000000000000	11.295967507775131	12	0.040632054176072234	0.0032	0.0	56
444	0.0144121503	0.000000000000000	11.295967507775131	12	0.04054054054054054	0.0032	0.0	56
445	0.0144121503	0.000000000000000	10.909686255536434	12	0.04269662921348315	0.0032	0.0	56
446	0.0144121503	0.000000000000000	10.909686255536434	12	0.042600896860986545	0.0032	0.0	56
447	0.0144121503	0.000000000000000	10.909686255536434	12	0.042505592841163314	0.0032	0.0	56
448	0.0144121503	0.000000000000000	10.909686255536434	12	0.04241071428571429	0.0032	0.0	56
449	0.0144121503	0.000000000000000	10.909686255536434	12	0.042316258351893093	0.0032	0.0	56
450	0.0144121503	0.000000000000000	10.909686255536434	12	0.042222222222222223	0.0032	0.0	56
451	0.0144121503	0.000000000000000	10.909686255536434	12	0.04212860310421286	0.0032	0.0	56
452	0.0144121503	0.000000000000000	10.909686255536434	12	0.0420353982300885	0.0032	0.0	56
453	0.0144121503	0.000000000000000	10.909686255536434	12	0.04194260485651214	0.0032	0.0	56
454	0.0144121503	0.000000000000000	10.909686255536434	12	0.04185022026431718	0.0032	0.0	56
455	0.0108335125	0.000000000000000	11.664648087597502	13	0.04395604395604396	0.0032	0.0	56
456	0.0108335125	0.000000000000000	11.664648087597502	13	0.043859649122807015	0.0032	0.0	56
457	0.0108335125	0.000000000000000	11.664648087597502	13	0.0437636761487965	0.0032	0.0	56
458	0.0108826441	0.000000000000000	11.672281675383761	13	0.04585152838427948	0.0032	0.0	56
459	0.0108826441	0.000000000000000	11.672281675383761	13	0.0457516339869281	0.0032	0.0	56
460	0.0108826441	0.000000000000000	11.672281675383761	13	0.04565217391304348	0.0032	0.0	56
461	0.0072386818	0.000000000000000	12.332165396313997	14	0.04772234273318872	0.0032	0.0	56
462	0.0072386818	0.000000000000000	12.332165396313997	14	0.047619047619047616	0.0032	0.0	56
463	0.0072386818	0.000000000000000	12.332165396313997	14	0.047516198704103674	0.0032	0.0	56
464	0.0072386818	0.000000000000000	12.332165396313997	14	0.04741379310344827	0.0032	0.0	56
465	0.0072386818	0.000000000000000	12.332165396313997	14	0.047311827956989246	0.0032	0.0	56
466	0.0072386818	0.000000000000000	12.332165396313997	14	0.04721030042918455	0.0032	0.0	56
467	0.0072386818	0.000000000000000	12.332165396313997	14	0.047109207708779445	0.0032	0.0	56
468	0.0072386818	0.000000000000000	12.332165396313997	14	0.04700854700854701	0.0032	0.0	56
469	0.0072386818	0.000000000000000	12.332165396313997	14	0.046908315565031986	0.0032	0.0	56
470	0.0072386818	0.000000000000000	12.332165396313997	14	0.04680851063829787	0.0032	0.0	56
471	0.0072386818	0.000000000000000	12.332165396313997	14	0.04670912951167728	0.0032	0.0	56
472	0.0072386818	0.000000000000000	12.332165396313997	14	0.046610169491525424	0.0032	0.0	56
473	0.0072386818	0.000000000000000	12.332165396313997	14	0.046511627906976744	0.0032	0.0	56
474	0.0072386818	0.000000000000000	12.332165396313997	14	0.046413502109704644	0.0032	0.0	56
475	0.0072386818	0.000000000000000	12.332165396313997	14	0.04631578947368421	0.0032	0.0	56
476	0.0072386818	0.000000000000000	12.332165396313997	14	0.046218487394957986	0.0032	0.0	56
477	0.0072386818	0.000000000000000	12.332165396313997	14	0.04612159329140461	0.0032	0.0	56
478	0.0072386818	0.000000000000000	12.332165396313997	14	0.04602510460251046	0.0032	0.0	56
479	0.0072386818	0.000000000000000	12.332165396313997	14	0.04592901878914405	0.0032	0.0	56
480	0.0072386818	0.000000000000000	12.332165396313997	14	0.04583333333333333	0.0032	0.0	56
481	0.0072386818	0.000000000000000	12.332165396313997	14	0.04573804573804574	0.0032	0.0	56
482	0.0072386818	0.000000000000000	12.332165396313997	14	0.04564315352697095	0.0032	0.0	56
483	0.0072386818	0.000000000000000	12.332165396313997	14	0.045548654244306416	0.0032	0.0	56
484	0.0072386818	0.000000000000000	12.332165396313997	14	0.045454545454545456	0.0032	0.0	56
485	0.0072386818	0.000000000000000	12.332165396313997	14	0.04536082474226804	0.0032	0.0	56
486	0.0072386818	0.000000000000000	12.332165396313997	14	0.04526748971193416	0.0032	0.0	56
487	0.0072386818	0.000000000000000	12.332165396313997	14	0.045174537987679675	0.0032	0.0	56
488	0.0072386818	0.000000000000000	12.332165396313997	14	0.045081967213114756	0.0032	0.0	56
489	0.0072386818	0.000000000000000	12.332165396313997	14	0.044989775051124746	0.0032	0.0	56
490	0.0072386818	0.000000000000000	12.332165396313997	14	0.044897959183673466	0.0032	0.0	56
491	0.0072386818	0.000000000000000	12.332165396313997	14	0.04480651731160896	0.0032	0.0	56
492	0.0072386818	0.000000000000000	12.332165396313997	14	0.044715447154471545	0.0032	0.0	56
493	0.0072386818	0.000000000000000	12.332165396313997	14	0.04462474645030426	0.0032	0.0	56
494	0.0072386818	0.000000000000000	12.332165396313997	14	0.044534412955465584	0.0032	0.0	56
495	0.0072386818	0.000000000000000	12.332165396313997	14	0.044444444444444446	0.0032	0.0	56
496	0.0072386818	0.000000000000000	12.332165396313997	14	0.04435483870967742	0.0032	0.0	56
497	0.0072386818	0.000000000000000	12.332165396313997	14	0.04426559356136821	0.0032	0.0	56
498	0.0072386818	0.000000000000000	12.332165396313997	14	0.04417670682730924	0.0032	0.0	56
499	0.0072386818	0.000000000000000	12.332165396313997	14	0.04408817635270541	0.0032	0.0	56
500	0.0072386818	0.000000000000000	12.332165396313997	14	0.044	0.0032	0.0	56
501	0.0072386818	0.000000000000000	12.332165396313997	14	0.043912175648702596	0.0032	0.0	56
502	0.0072386818	0.000000000000000	12.332165396313997	14	0.043824701195219126	0.0032	0.0	56
503	0.0072386818	0.000000000000000	12.332165396313997	14	0.0437375745526839	0.0032	0.0	56
504	0.0072386818	0.000000000000000	12.332165396313997	14	0.04365079365079365	0.0032	0.0	56
505	0.0072386818	0.000000000000000	12.332165396313997	14	0.04356435643564356	0.0032	0.0	56
506	0.0072386818	0.000000000000000	12.332165396313997	14	0.043478260869565216	0.0032	0.0	56
507	0.0072386818	0.000000000000000	12.332165396313997	14	0.04339250493096647	0.0032	0.0	56
508	0.0072386818	0.000000000000000	12.332165396313997	14	0.04330708661417323	0.0032	0.0	56
509	0.0072386818	0.000000000000000	12.332165396313997	14	0.043222003929273084	0.0032	0.0	56
510	0.0072386818	0.000000000000000	12.332165396313997	14	0.043137254901960784	0.0032	0.0	56
511	0.0072386818	0.000000000000000	12.332165396313997	14	0.043052837573385516	0.0032	0.0	56
512	0.0072386818	0.000000000000000	12.332165396313997	14	0.04296875	0.0032	0.0	56
513	0.0072386818	0.000000000000000	12.332165396313997	14	0.042884990253411304	0.0032	0.0	56
514	0.0072386818	0.000000000000000	12.332165396313997	14	0.042801556420233464	0.0032	0.0	56
515	0.0072386818	0.000000000000000	12.332165396313997	14	0.04271844660194175	0.0032	0.0	56
516	0.0072386818	0.000000000000000	12.332165396313997	14	0.04263565891472868	0.0032	0.0	56
517	0.0072386818	0.000000000000000	12.332165396313997	14	0.0425531914893617	0.0032	0.0	56
518	0.0072386818	0.000000000000000	12.332165396313997	14	0.04247104247104247	0.0032	0.0	56
519	0.0072386818	0.000000000000000	12.332165396313997	14	0.04238921001926782	0.0032	0.0	56
520	0.0072386818	0.000000000000000	12.332165396313997	14	0.04230769230769231	0.0032	0.0	56
521	0.0072386818	0.000000000000000	12.332165396313997	14	0.04222648752399232	0.0032	0.0	56
522	0.0072386818	0.000000000000000	12.332165396313997	14	0.0421455938697318	0.0032	0.0	56
523	0.0072386818	0.000000000000000	12.332165396313997	14	0.04206500956022945	0.0032	0.0	56
524	0.0072386818	0.000000000000000	12.332165396313997	14	0.04198473282442748	0.0032	0.0	56
525	0.0072386818	0.000000000000000	12.332165396313997	14	0.0419047619047619	0.0032	0.0	56
526	0.0072386818	0.000000000000000	12.332165396313997	14	0.04182509505703422	0.0032	0.0	56
527	0.0072386818	0.000000000000000	12.332165396313997	14	0.04174573055028463	0.0032	0.0	56
528	0.0072386818	0.000000000000000	12.332165396313997	14	0.041666666666666664	0.0032	0.0	56
529	0.0072386818	0.000000000000000	12.332165396313997	14	0.04158790170132325	0.0032	0.0	56
530	0.0072386818	0.000000000000000	12.332165396313997	14	0.04150943396226415	0.0032	0.0	56
531	0.0072386818	0.000000000000000	12.332165396313997	14	0.04143126177024482	0.0032	0.0	56
532	0.0072386818	0.000000000000000	12.332165396313997	14	0.041353383458646614	0.0032	0.0	56
533	0.0072386818	0.000000000000000	12.332165396313997	14	0.04127579737335835	0.0032	0.0	56
534	0.0072386818	0.000000000000000	12.332165396313997	14	0.04119850187265917	0.0032	0.0	56
535	0.0072386818	0.000000000000000	12.332165396313997	14	0.041121495327102804	0.0032	0.0	56
536	0.0072386818	0.000000000000000	12.332165396313997	14	0.041044776119402986	0.0032	0.0	56
537	0.0072386818	0.000000000000000	12.332165396313997	14	0.040968342644320296	0.0032	0.0	56
538	0.0072386818	0.000000000000000	12.332165396313997	14	0.040892193308550186	0.0032	0.0	56
539	0.0072386818	0.000000000000000	12.332165396313997	14	0.04081632653061224	0.0032	0.0	56
540	0.0072386818	0.000000000000000	12.332165396313997	14	0.040740740740740744	0.0032	0.0	56
541	0.0072386818	0.000000000000000	12.332165396313997	14	0.04066543438077634	0.0032	0.0	56
542	0.0072386818	0.000000000000000	12.332165396313997	14	0.04059040590405904	0.0032	0.0	56
543	0.0072386818	0.000000000000000	12.332165396313997	14	0.040515653775322284	0.0032	0.0	56
544	0.0072386818	0.000000000000000	12.332165396313997	14	0.04044117647058824	0.0032	0.0	56
545	0.0072386818	0.000000000000000	12.332165396313997	14	0.04036697247706422	0.0032	0.0	56
546	0.0072386818	0.000000000000000	12.332165396313997	14	0.040293040293040296	0.0032	0.0	56
547	0.0072386818	0.000000000000000	12.332165396313997	14	0.04021937842778794	0.0032	0.0	56
548	0.0072386818	0.000000000000000	12.332165396313997	14	0.040145985401459854	0.0032	0.0	56
549	0.0072386818	0.000000000000000	12.332165396313997	14	0.04007285974499089	0.0032	0.0	56
550	0.0072386818	0.000000000000000	12.332165396313997	14	0.04	0.0032	0.0	56
551	0.0072386818	0.000000000000000	12.332165396313997	14	0.039927404718693285	0.0032	0.0	56
552	0.0072386818	0.000000000000000	12.332165396313997	14	0.03985507246376811	0.0032	0.0	56
553	0.0072386818	0.000000000000000	12.332165396313997	14	0.039783001808318265	0.0032	0.0	56
554	0.0072386818	0.000000000000000	12.332165396313997	14	0.039711191335740074	0.0032	0.0	56
555	0.0072386818	0.000000000000000	12.332165396313997	14	0.03963963963963964	0.0032	0.0	56
556	0.0072386818	0.000000000000000	12.332165396313997	14	0.039568345323741004	0.0032	0.0	56
557	0.0072386818	0.000000000000000	12.332165396313997	14	0.03949730700179533	0.0032	0.0	56
558	0.0072386818	0.000000000000000	12.332165396313997	14	0.03942652329749104	0.0032	0.0	56
559	0.0072386818	0.000000000000000	12.332165396313997	14	0.03935599284436494	0.0032	0.0	56
560	0.0072386818	0.000000000000000	12.332165396313997	14	0.039285714285714285	0.0032	0.0	56
561	0.0072386818	0.000000000000000	12.332165396313997	14	0.0392156862745098	0.0032	0.0	56
562	0.0072386818	0.000000000000000	12.332165396313997	14	0.03914590747330961	0.0032	0.0	56
563	0.0072386818	0.000000000000000	12.332165396313997	14	0.03907637655417407	0.0032	0.0	56
564	0.0072386818	0.000000000000000	12.332165396313997	14	0.03900709219858156	0.0032	0.0	56
565	0.0072386818	0.000000000000000	12.332165396313997	14	0.03893805309734513	0.0032	0.0	56
566	0.0072386818	0.000000000000000	12.332165396313997	14	0.038869257950530034	0.0032	0.0	56
567	0.0072386818	0.000000000000000	12.332165396313997	14	0.03880070546737213	0.0032	0.0	56
568	0.0072386818	0.000000000000000	12.332165396313997	14	0.03873239436619718	0.0032	0.0	56
569	0.0072386818	0.000000000000000	12.332165396313997	14	0.03866432337434095	0.0032	0.0	56
570	0.0072386818	0.000000000000000	12.332165396313997	14	0.03859649122807018	0.0032	0.0	56
571	0.0072386818	0.000000000000000	12.332165396313997	14	0.03852889667250438	0.0032	0.0	56
572	0.0072386818	0.000000000000000	12.332165396313997	14	0.038461538461538464	0.0032	0.0	56
573	0.0072386818	0.000000000000000	12.332165396313997	14	0.038394415357766144	0.0032	0.0	56
574	0.0072386818	0.000000000000000	12.332165396313997	14	0.03832752613240418	0.0032	0.0	56
575	0.0072386818	0.000000000000000	12.332165396313997	14	0.03826086956521739	0.0032	0.0	56
576	0.0072386818	0.000000000000000	12.332165396313997	14	0.03819444444444445	0.0032	0.0	56
577	0.0072386818	0.000000000000000	12.332165396313997	14	0.038128249566724434	0.0032	0.0	56
578	0.0072386818	0.000000000000000	12.332165396313997	14	0.03806228373702422	0.0032	0.0	56
579	0.0072386818	0.000000000000000	12.332165396313997	14	0.037996545768566495	0.0032	0.0	56
580	0.0072386818	0.000000000000000	12.332165396313997	14	0.03793103448275862	0.0032	0.0	56
581	0.0072386818	0.000000000000000	12.332165396313997	14	0.0378657487091222	0.0032	0.0	56
582	0.0072386818	0.000000000000000	12.332165396313997	14	0.037800687285223365	0.0032	0.0	56
583	0.0072386818	0.000000000000000	12.332165396313997	14	0.03773584905660377	0.0032	0.0	56
584	0.0072386818	0.000000000000000	12.332165396313997	14	0.03767123287671233	0.0032	0.0	56
585	0.0072386818	0.000000000000000	12.332165396313997	14	0.037606837606837605	0.0032	0.0	56
586	0.0072386818	0.000000000000000	12.332165396313997	14	0.03754266211604096	0.0032	0.0	56
587	0.0072386818	0.000000000000000	12.332165396313997	14	0.03747870528109029	0.0032	0.0	56
588	0.0072386818	0.000000000000000	12.332165396313997	14	0.03741496598639456	0.0032	0.0	56
589	0.0072386818	0.000000000000000	12.332165396313997	14	0.03735144312393888	0.0032	0.0	56
590	0.0072386818	0.000000000000000	12.332165396313997	14	0.03728813559322034	0.0032	0.0	56
591	0.0072386818	0.000000000000000	12.332165396313997	14	0.03722504230118443	0.0032	0.0	56
592	0.0072386818	0.000000000000000	12.332165396313997	14	0.037162162162162164	0.0032	0.0	56
593	0.0072386818	0.000000000000000	12.332165396313997	14	0.03709949409780776	0.0032	0.0	56
594	0.0072386818	0.000000000000000	12.332165396313997	14	0.037037037037037035	0.0032	0.0	56
595	0.0072386818	0.000000000000000	12.332165396313997	14	0.03697478991596639	0.0032	0.0	56
596	0.0072386818	0.000000000000000	12.332165396313997	14	0.03691275167785235	0.0032	0.0	56
597	0.0072386818	0.000000000000000	12.332165396313997	14	0.03685092127303183	0.0032	0.0	56
598	0.0072386818	0.000000000000000	12.669025869008735	14	0.038461538461538464	0.0032	0.0	56
599	0.0072386818	0.000000000000000	12.669025869008735	14	0.038397328881469114	0.0032	0.0	56
600	0.0072386818	0.000000000000000	12.669025869008735	14	0.03833333333333333	0.0032	0.0	56
601	0.0072386818	0.000000000000000	12.669025869008735	14	0.03826955074875208	0.0032	0.0	56
602	0.0072386818	0.000000000000000	12.669025869008735	14	0.03820598006644518	0.0032	0.0	56
603	0.0072386818	0.000000000000000	12.669025869008735	14	0.03814262023217247	0.0032	0.0	56
604	0.0072386818	0.000000000000000	12.669025869008735	14	0.0380794701986755	0.0032	0.0	56
605	0.0072386818	0.000000000000000	12.669025869008735	14	0.03801652892561983	0.0032	0.0	56
606	0.0072386818	0.000000000000000	12.669025869008735	14	0.037953795379537955	0.0032	0.0	56
607	0.0072386818	0.000000000000000	12.669025869008735	14	0.03789126853377265	0.0032	0.0	56
608	0.0072386818	0.000000000000000	12.669025869008735	14	0.03782894736842105	0.0032	0.0	56
609	0.0072386818	0.000000000000000	12.669025869008735	14	0.03776683087027915	0.0032	0.0	56
610	0.0072386818	0.000000000000000	12.669025869008735	14	0.03770491803278689	0.0032	0.0	56
611	0.0072386818	0.000000000000000	12.669025869008735	14	0.03764320785597381	0.0032	0.0	56
612	0.0072386818	0.000000000000000	12.669025869008735	14	0.03758169934640523	0.0032	0.0	56
613	0.0072386818	0.000000000000000	12.669025869008735	14	0.037520391517128875	0.0032	0.0	56
614	0.0072386818	0.000000000000000	12.669025869008735	14	0.03745928338762215	0.0032	0.0	56
615	0.0072386818	0.000000000000000	12.669025869008735	14	0.03739837398373984	0.0032	0.0	56
616	0.0072386818	0.000000000000000	12.669025869008735	14	0.037337662337662336	0.0032	0.0	56
617	0.0072386818	0.000000000000000	12.669025869008735	14	0.03727714748784441	0.0032	0.0	56
618	0.0072386818	0.000000000000000	12.669025869008735	14	0.0372168284789644	0.0032	0.0	56
619	0.0072386818	0.000000000000000	12.669025869008735	14	0.03715670436187399	0.0032	0.0	56
620	0.0072386818	0.000000000000000	13.637392281222475	15	0.03870967741935484	0.0032	0.0	56
621	0.0072386818	0.000000000000000	13.637392281222475	15	0.03864734299516908	0.0032	0.0	56
622	0.0072386818	0.000000000000000	13.637392281222475	15	0.03858520900321544	0.0032	0.0	56
623	0.0072386818	0.000000000000000	13.637392281222475	15	0.038523274478330656	0.0032	0.0	56
624	0.0072386818	0.000000000000000	13.637392281222475	15	0.038461538461538464	0.0032	0.0	56
625	0.0072386818	0.000000000000000	13.637392281222475	15	0.0384	0.0032	0.0	56
626	0.0108335125	0.000000000000000	14.249795381997668	16	0.039936102236421724	0.0032	0.0	56
627	0.0108335125	0.000000000000000	14.249795381997668	16	0.03987240829346093	0.0032	0.0	56
628	0.0108335125	0.000000000000000	14.249795381997668	16	0.03980891719745223	0.0032	0.0	56
629	0.0108335125	0.000000000000000	14.249795381997668	16	0.0397456279809221	0.0032	0.0	56
630	0.0108335125	0.000000000000000	14.249795381997668	16	0.03968253968253968	0.0032	0.0	56
631	0.0108335125	0.000000000000000	14.249795381997668	16	0.039619651347068144	0.0032	0.0	56
632	0.0108335125	0.000000000000000	14.249795381997668	16	0.03955696202531646	0.0032	0.0	56
633	0.0108335125	0.000000000000000	14.249795381997668	16	0.03949447077409163	0.0032	0.0	56
634	0.0108335125	0.000000000000000	14.249795381997668	16	0.03943217665615142	0.0032	0.0	56
635	0.0108335125	0.000000000000000	14.249795381997668	16	0.03937007874015748	0.0032	0.0	56
636	0.0108335125	0.000000000000000	14.249795381997668	16	0.03930817610062893	0.0032	0.0	56
637	0.0108335125	0.000000000000000	14.249795381997668	16	0.03924646781789639	0.0032	0.0	56
638	0.0108335125	0.000000000000000	14.249795381997668	16	0.03918495297805643	0.0032	0.0	56
639	0.0108335125	0.000000000000000	14.249795381997668	16	0.03912363067292645	0.0032	0.0	56
640	0.0108335125	0.000000000000000	14.249795381997668	16	0.0390625	0.0032	0.0	56
641	0.0108335125	0.000000000000000	14.249795381997668	16	0.0390015600624025	0.0032	0.0	56
642	0.0108335125	0.000000000000000	14.249795381997668	16	0.03894080996884735	0.0032	0.0	56
643	0.0108335125	0.000000000000000	14.249795381997668	16	0.038880248833592534	0.0032	0.0	56
644	0.0108335125	0.000000000000000	14.249795381997668	16	0.03881987577639751	0.0032	0.0	56
645	0.0108335125	0.000000000000000	14.249795381997668	16	0.03875968992248062	0.0032	0.0	56
646	0.0108335125	0.000000000000000	14.249795381997668	16	0.03869969040247678	0.0032	0.0	56
647	0.0108335125	0.000000000000000	14.249795381997668	16	0.03863987635239567	0.0032	0.0	56
648	0.0108335125	0.000000000000000	14.249795381997668	16	0.038580246913580245	0.0032	0.0	56
649	0.0108335125	0.000000000000000	14.249795381997668	16	0.03852080123266564	0.0032	0.0	56
650	0.0108335125	0.000000000000000	14.249795381997668	16	0.038461538461538464	0.0032	0.0	56
651	0.0108335125	0.000000000000000	14.249795381997668	16	0.03840245775729647	0.0032	0.0	56
652	0.0108335125	0.000000000000000	14.249795381997668	16	0.03834355828220859	0.0032	0.0	56
653	0.0108335125	0.000000000000000	14.249795381997668	16	0.03828483920367534	0.0032	0.0	56
654	0.0108335125	0.000000000000000	14.249795381997668	16	0.0382262996941896	0.0032	0.0	56
655	0.0108335125	0.000000000000000	14.249795381997668	16	0.03816793893129771	0.0032	0.0	56
656	0.0108335125	0.000000000000000	14.249795381997668	16	0.038109756097560975	0.0032	0.0	56
657	0.0108335125	0.000000000000000	14.249795381997668	16	0.0380517503805175	0.0032	0.0	56
658	0.0108335125	0.000000000000000	14.249795381997668	16	0.037993920972644375	0.0032	0.0	56
659	0.0108335125	0.000000000000000	14.249795381997668	16	0.03793626707132018	0.0032	0.0	56
660	0.0108335125	0.000000000000000	14.249795381997668	16	0.03787878787878788	0.0032	0.0	56
661	0.0108335125	0.000000000000000	14.249795381997668	16	0.037821482602118005	0.0032	0.0	56
662	0.0108335125	0.000000000000000	14.249795381997668	16	0.0377643504531722	0.0032	0.0	56
663	0.0108335125	0.000000000000000	14.249795381997668	16	0.03770739064856712	0.0032	0.0	56
664	0.0108335125	0.000000000000000	14.249795381997668	16	0.03765060240963856	0.0032	0.0	56
665	0.0108335125	0.000000000000000	14.249795381997668	16	0.03759398496240601	0.0032	0.0	56
666	0.0108335125	0.000000000000000	14.249795381997668	16	0.03753753753753754	0.0032	0.0	56
667	0.0108335125	0.000000000000000	14.249795381997668	16	0.037481259370314844	0.0032	0.0	56
668	0.0108335125	0.000000000000000	14.249795381997668	16	0.0374251497005988	0.0032	0.0	56
669	0.0108335125	0.000000000000000	14.249795381997668	16	0.03736920777279522	0.0032	0.0	56
670	0.0108335125	0.000000000000000	14.249795381997668	16	0.03731343283582089	0.0032	0.0	56
671	0.0108335125	0.000000000000000	14.249795381997668	16	0.037257824143070044	0.0032	0.0	56
672	0.0108335125	0.000000000000000	14.249795381997668	16	0.03720238095238095	0.0032	0.0	56
673	0.0108335125	0.000000000000000	14.249795381997668	16	0.03714710252600297	0.0032	0.0	56
674	0.0108335125	0.000000000000000	14.249795381997668	16	0.037091988130563795	0.0032	0.0	56
675	0.0108335125	0.000000000000000	14.249795381997668	16	0.037037037037037035	0.0032	0.0	56
676	0.0108335125	0.000000000000000	14.249795381997668	16	0.03698224852071006	0.0032	0.0	56
677	0.0108335125	0.000000000000000	14.249795381997668	16	0.03692762186115214	0.0032	0.0	56
678	0.0108335125	0.000000000000000	14.249795381997668	16	0.03687315634218289	0.0032	0.0	56
679	0.0108335125	0.000000000000000	14.249795381997668	16	0.036818851251840944	0.0032	0.0	56
680	0.0108335125	0.000000000000000	14.249795381997668	16	0.03676470588235294	0.0032	0.0	56
681	0.0108335125	0.000000000000000	14.249795381997668	16	0.03671071953010279	0.0032	0.0	56
682	0.0108335125	0.000000000000000	14.249795381997668	16	0.036656891495601175	0.0032	0.0	56
683	0.0108335125	0.000000000000000	14.249795381997668	16	0.036603221083455345	0.0032	0.0	56
684	0.0108335125	0.000000000000000	14.249795381997668	16	0.03654970760233918	0.0032	0.0	56
685	0.0108335125	0.000000000000000	14.249795381997668	16	0.0364963503649635	0.0032	0.0	56
686	0.0108335125	0.000000000000000	14.249795381997668	16	0.03644314868804665	0.0032	0.0	56
687	0.0108335125	0.000000000000000	14.249795381997668	16	0.036390101892285295	0.0032	0.0	56
688	0.0108335125	0.000000000000000	14.249795381997668	16	0.036337209302325583	0.0032	0.0	56
689	0.0108335125	0.000000000000000	14.249795381997668	16	0.036284470246734396	0.0032	0.0	56
690	0.0108335125	0.000000000000000	14.249795381997668	16	0.036231884057971016	0.0032	0.0	56
691	0.0108335125	0.000000000000000	14.249795381997668	16	0.0361794500723589	0.0032	0.0	56
692	0.0108335125	0.000000000000000	14.249795381997668	16	0.036127167630057806	0.0032	0.0	56
693	0.0108335125	0.000000000000000	15.203632566648931	17	0.03751803751803752	0.0032	0.0	56
694	0.0108335125	0.000000000000000	15.203632566648931	17	0.037463976945244955	0.0032	0.0	56
695	0.0108335125	0.000000000000000	15.203632566648931	17	0.03741007194244604	0.0032	0.0	56
696	0.0108335125	0.000000000000000	15.203632566648931	17	0.03735632183908046	0.0032	0.0	56
697	0.0108335125	0.000000000000000	15.203632566648931	17	0.03730272596843615	0.0032	0.0	56
698	0.0108335125	0.000000000000000	15.203632566648931	17	0.03724928366762178	0.0032	0.0	56
699	0.0108335125	0.000000000000000	15.203632566648931	17	0.03719599427753934	0.0032	0.0	56
700	0.0108335125	0.000000000000000	15.203632566648931	17	0.037142857142857144	0.0032	0.0	56
701	0.0108335125	0.000000000000000	15.203632566648931	17	0.037089871611982884	0.0032	0.0	56
702	0.0108335125	0.000000000000000	15.203632566648931	17	0.037037037037037035	0.0032	0.0	56
703	0.0108335125	0.000000000000000	15.203632566648931	17	0.03698435277382646	0.0032	0.0	56
704	0.0108335125	0.000000000000000	15.203632566648931	17	0.036931818181818184	0.0032	0.0	56
705	0.0108335125	0.000000000000000	15.203632566648931	17	0.03687943262411347	0.0032	0.0	56
706	0.0108335125	0.000000000000000	15.203632566648931	17	0.036827195467422094	0.0032	0.0	56
707	0.0108335125	0.000000000000000	15.203632566648931	17	0.036775106082036775	0.0032	0.0	56
708	0.0108335125	0.000000000000000	15.203632566648931	17	0.03672316384180791	0.0032	0.0	56
709	0.0108335125	0.000000000000000	15.203632566648931	17	0.036671368124118475	0.0032	0.0	56
710	0.0108335125	0.000000000000000	15.203632566648931	17	0.036619718309859155	0.0032	0.0	56
711	0.0108335125	0.000000000000000	15.203632566648931	17	0.03656821378340366	0.0032	0.0	56
712	0.0108335125	0.000000000000000	15.203632566648931	17	0.03651685393258427	0.0032	0.0	56
713	0.0108335125	0.000000000000000	15.203632566648931	17	0.0364656381486676	0.0032	0.0	56
714	0.0108335125	0.000000000000000	15.203632566648931	17	0.036414565826330535	0.0032	0.0	56
715	0.0108335125	0.000000000000000	15.203632566648931	17	0.03636363636363636	0.0032	0.0	56
716	0.0108335125	0.000000000000000	15.203632566648931	17	0.036312849162011177	0.0032	0.0	56
717	0.0108335125	0.000000000000000	15.203632566648931	17	0.03626220362622036	0.0032	0.0	56
718	0.0108335125	0.000000000000000	15.203632566648931	17	0.036211699164345405	0.0032	0.0	56
719	0.0108335125	0.000000000000000	15.203632566648931	17	0.03616133518776078	0.0032	0.0	56
720	0.0108335125	0.000000000000000	15.203632566648931	17	0.03611111111111111	0.0032	0.0	56
721	0.0108335125	0.000000000000000	15.203632566648931	17	0.036061026352288486	0.0032	0.0	56
722	0.0108335125	0.000000000000000	15.260653254569448	17	0.037396121883656507	0.0032	0.0	56
723	0.0108335125	0.000000000000000	15.260653254569448	17	0.03734439834024896	0.0032	0.0	56
724	0.0108335125	0.000000000000000	15.260653254569448	17	0.03729281767955801	0.0032	0.0	56
725	0.0108335125	0.000000000000000	15.260653254569448	17	0.037241379310344824	0.0032	0.0	56
726	0.0108335125	0.000000000000000	15.260653254569448	17	0.0371900826446281	0.0032	0.0	56
727	0.0108335125	0.000000000000000	15.260653254569448	17	0.037138927097661624	0.0032	0.0	56
728	0.0108335125	0.000000000000000	15.260653254569448	17	0.03708791208791209	0.0032	0.0	56
729	0.0108335125	0.000000000000000	15.260653254569448	17	0.037037037037037035	0.0032	0.0	56
730	0.0108335125	0.000000000000000	15.260653254569448	17	0.036986301369863014	0.0032	0.0	56
731	0.0108335125	0.000000000000000	15.260653254569448	17	0.036935704514363885	0.0032	0.0	56
732	0.0108335125	0.000000000000000	15.260653254569448	17	0.036885245901639344	0.0032	0.0	56
733	0.0108335125	0.000000000000000	15.260653254569448	17	0.036834924965893585	0.0032	0.0	56
734	0.0108335125	0.000000000000000	15.260653254569448	17	0.03678474114441417	0.0032	0.0	56
735	0.0108335125	0.000000000000000	15.260653254569448	17	0.036734693877551024	0.0032	0.0	56
736	0.0108335125	0.000000000000000	15.260653254569448	17	0.036684782608695655	0.0032	0.0	56
737	0.0108335125	0.000000000000000	15.260653254569448	17	0.036635006784260515	0.0032	0.0	56
738	0.0108335125	0.000000000000000	15.260653254569448	17	0.036585365853658534	0.0032	0.0	56
739	0.0108335125	0.000000000000000	15.260653254569448	17	0.036535859269282815	0.0032	0.0	56
740	0.0108335125	0.000000000000000	15.260653254569448	17	0.03648648648648649	0.0032	0.0	56
741	0.0108335125	0.000000000000000	15.2214289311346	17	0.037786774628879895	0.0032	0.0	56
742	0.0108335125	0.000000000000000	15.2214289311346	17	0.03773584905660377	0.0032	0.0	56
743	0.0108335125	0.000000000000000	15.2214289311346	17	0.03768506056527591	0.0032	0.0	56
744	0.0108335125	0.000000000000000	15.2214289311346	17	0.03763440860215054	0.0032	0.0	56
745	0.0108335125	0.000000000000000	15.2214289311346	17	0.03758389261744966	0.0032	0.0	56
746	0.0108335125	0.000000000000000	15.2214289311346	17	0.03753351206434316	0.0032	0.0	56
747	0.0108335125	0.000000000000000	15.2214289311346	17	0.03748326639892905	0.0032	0.0	56
748	0.0108335125	0.000000000000000	15.2214289311346	17	0.0374331550802139	0.0032	0.0	56
749	0.0108335125	0.000000000000000	15.2214289311346	17	0.037383177570093455	0.0032	0.0	56
750	0.0108335125	0.000000000000000	15.2214289311346	17	0.037333333333333336	0.0032	0.0	56
751	0.0108335125	0.000000000000000	15.2214289311346	17	0.037283621837549935	0.0032	0.0	56
752	0.0108335125	0.000000000000000	15.2214289311346	17	0.03723404255319149	0.0032	0.0	56
753	0.0108335125	0.000000000000000	15.2214289311346	17	0.03718459495351926	0.0032	0.0	56
754	0.0108335125	0.000000000000000	15.2214289311346	17	0.03713527851458886	0.0032	0.0	56
755	0.0108335125	0.000000000000000	15.2214289311346	17	0.03708609271523179	0.0032	0.0	56
756	0.0108335125	0.000000000000000	15.2214289311346	17	0.037037037037037035	0.0032	0.0	56
757	0.0108335125	0.000000000000000	15.039269478058586	17	0.03830911492734478	0.0032	0.0	56
758	0.0108335125	0.000000000000000	15.039269478058586	17	0.03825857519788918	0.0032	0.0	56
759	0.0108335125	0.000000000000000	15.039269478058586	17	0.03820816864295125	0.0032	0.0	56
760	0.0108335125	0.000000000000000	15.039269478058586	17	0.038157894736842106	0.0032	0.0	56
761	0.0108335125	0.000000000000000	15.039269478058586	17	0.03810775295663601	0.0032	0.0	56
762	0.0108335125	0.000000000000000	15.039269478058586	17	0.03805774278215223	0.0032	0.0	56
763	0.0108335125	0.000000000000000	15.039269478058586	17	0.03800786369593709	0.0032	0.0	56
764	0.0108335125	0.000000000000000	14.988545360859073	17	0.03926701570680628	0.0032	0.0	56
765	0.0144121503	0.000000000000000	15.081193522899584	17	0.040522875816993466	0.0032	0.0	56
766	0.0144121503	0.000000000000000	15.081193522899584	17	0.04046997389033943	0.0032	0.0	56
767	0.0144121503	0.000000000000000	15.081193522899584	17	0.04041720990873533	0.0032	0.0	56
768	0.0216182254	0.000000000000000	16.077193522899584	18	0.041666666666666664	0.0032	0.0	56
769	0.0216182254	0.000000000000000	16.077193522899584	18	0.04161248374512354	0.0032	0.0	56
770	0.0216182254	0.000000000000000	16.077193522899584	18	0.04155844155844156	0.0032	0.0	56
771	0.0216182254	0.000000000000000	16.077193522899584	18	0.041504539559014265	0.0032	0.0	56
772	0.0180558542	0.000000000000000	16.05312900677055	18	0.042746113989637305	0.0032	0.0	56
773	0.0180558542	0.000000000000000	16.05312900677055	18	0.042690815006468305	0.0032	0.0	56
774	0.0180558542	0.000000000000000	16.05312900677055	18	0.04263565891472868	0.0032	0.0	56
775	0.0180558542	0.000000000000000	16.05312900677055	18	0.04258064516129032	0.0032	0.0	56
776	0.0180558542	0.000000000000000	16.05312900677055	18	0.04252577319587629	0.0032	0.0	56
777	0.0180558542	0.000000000000000	16.05312900677055	18	0.04247104247104247	0.0032	0.0	56
778	0.0180558542	0.000000000000000	16.05312900677055	18	0.042416452442159386	0.0032	0.0	56
779	0.0180558542	0.000000000000000	16.05312900677055	18	0.04236200256739409	0.0032	0.0	56
780	0.0180558542	0.000000000000000	16.05312900677055	18	0.04230769230769231	0.0032	0.0	56
781	0.0180558542	0.000000000000000	16.05312900677055	18	0.04225352112676056	0.0032	0.0	56
782	0.0180558542	0.000000000000000	16.05312900677055	18	0.04219948849104859	0.0032	0.0	56
783	0.0180558542	0.000000000000000	16.05312900677055	18	0.0421455938697318	0.0032	0.0	56
784	0.0180558542	0.000000000000000	16.05312900677055	18	0.042091836734693876	0.0032	0.0	56
785	0.0180558542	0.000000000000000	16.05312900677055	18	0.04203821656050955	0.0032	0.0	56
786	0.0180558542	0.000000000000000	16.05312900677055	18	0.04198473282442748	0.0032	0.0	56
787	0.0180558542	0.000000000000000	16.05312900677055	18	0.04193138500635324	0.0032	0.0	56
788	0.0180558542	0.000000000000000	16.05312900677055	18	0.04187817258883249	0.0032	0.0	56
789	0.0180558542	0.000000000000000	16.05312900677055	18	0.04182509505703422	0.0032	0.0	56
790	0.0180558542	0.000000000000000	16.713012727700782	19	0.043037974683544304	0.0032	0.0	56
791	0.0179747043	0.000000000000000	16.731810555735276	19	0.04424778761061947	0.0032	0.0	56
792	0.0179747043	0.000000000000000	16.731810555735276	19	0.04419191919191919	0.0032	0.0	56
793	0.0179747043	0.000000000000000	16.731810555735276	19	0.044136191677175286	0.0032	0.0	56
794	0.0179747043	0.000000000000000	16.731810555735276	19	0.04408060453400504	0.0032	0.0	56
795	0.0179747043	0.000000000000000	16.731810555735276	19	0.0440251572327044	0.0032	0.0	56
796	0.0179747043	0.000000000000000	16.731810555735276	19	0.04396984924623116	0.0032	0.0	56
797	0.0179747043	0.000000000000000	16.731810555735276	19	0.043914680050188205	0.0032	0.0	56
798	0.0179747043	0.000000000000000	17.71208019375547	20	0.045112781954887216	0.0032	0.0	56
799	0.0144121503	0.000000000000000	18.71208019375547	21	0.04630788485607009	0.0032	0.0	56
800	0.0144121503	0.000000000000000	18.71208019375547	21	0.04625	0.0032	0.0	56
801	0.0144121503	0.000000000000000	18.71208019375547	21	0.046192259675405745	0.0032	0.0	56
802	0.0144121503	0.000000000000000	18.71208019375547	21	0.046134663341645885	0.0032	0.0	56
803	0.0144121503	0.000000000000000	18.71208019375547	21	0.0460772104607721	0.0032	0.0	56
804	0.0144121503	0.000000000000000	18.71208019375547	21	0.046019900497512436	0.0032	0.0	56
805	0.0144121503	0.000000000000000	18.71208019375547	21	0.04596273291925466	0.0032	0.0	56
806	0.0144121503	0.000000000000000	18.71208019375547	21	0.04590570719602978	0.0032	0.0	56
807	0.0144121503	0.000000000000000	18.71208019375547	21	0.04584882280049566	0.0032	0.0	56
808	0.0144121503	0.000000000000000	18.71208019375547	21	0.04579207920792079	0.0032	0.0	56
809	0.0144121503	0.000000000000000	18.71208019375547	21	0.04573547589616811	0.0032	0.0	56
810	0.0144121503	0.000000000000000	18.736144709884503	21	0.04691358024691358	0.0032	0.0	56
811	0.0144121503	0.000000000000000	18.736144709884503	21	0.0468557336621455	0.0032	0.0	56
812	0.0144121503	0.000000000000000	18.736144709884503	21	0.046798029556650245	0.0032	0.0	56
813	0.0144121503	0.000000000000000	18.736144709884503	21	0.046740467404674045	0.0032	0.0	56
814	0.0144121503	0.000000000000000	18.736144709884503	21	0.04668304668304668	0.0032	0.0	56
815	0.0144121503	0.000000000000000	18.736144709884503	21	0.046625766871165646	0.0032	0.0	56
816	0.0144121503	0.000000000000000	18.736144709884503	21	0.04656862745098039	0.0032	0.0	56
817	0.0144121503	0.000000000000000	18.736144709884503	21	0.046511627906976744	0.0032	0.0	56
818	0.0144121503	0.000000000000000	18.736144709884503	21	0.04645476772616137	0.0032	0.0	56
819	0.0144121503	0.000000000000000	18.736144709884503	21	0.0463980463980464	0.0032	0.0	56
820	0.0144121503	0.000000000000000	18.736144709884503	21	0.046341463414634146	0.0032	0.0	56
821	0.0144121503	0.000000000000000	18.736144709884503	21	0.04628501827040195	0.0032	0.0	56
822	0.0144121503	0.000000000000000	18.736144709884503	21	0.046228710462287104	0.0032	0.0	56
823	0.0144121503	0.000000000000000	18.736144709884503	21	0.046172539489671933	0.0032	0.0	56
824	0.0144121503	0.000000000000000	18.736144709884503	21	0.04611650485436893	0.0032	0.0	56
825	0.0144121503	0.000000000000000	18.794162093769746	21	0.04727272727272727	0.0032	0.0	56
826	0.0144121503	0.000000000000000	18.781208588222626	21	0.048426150121065374	0.0032	0.0	56
827	0.0144121503	0.000000000000000	18.781208588222626	21	0.04836759371221282	0.0032	0.0	56
828	0.0144121503	0.000000000000000	18.781208588222626	21	0.04830917874396135	0.0032	0.0	56
829	0.0144121503	0.000000000000000	18.781208588222626	21	0.04825090470446321	0.0032	0.0	56
830	0.0144121503	0.000000000000000	19.773349094408076	22	0.04939759036144578	0.0032	0.0	56
831	0.0144121503	0.000000000000000	18.804982682194336	21	0.05054151624548736	0.0032	0.0	56
832	0.0144121503	0.000000000000000	19.60013851069689	22	0.051682692307692304	0.0032	0.0	56
833	0.0144121503	0.000000000000000	19.60013851069689	22	0.05162064825930372	0.0032	0.0	56
834	0.0144121503	0.000000000000000	19.60013851069689	22	0.05155875299760192	0.0032	0.0	56
835	0.0144121503	0.000000000000000	19.60013851069689	22	0.05149700598802395	0.0032	0.0	56
836	0.0144121503	0.000000000000000	19.60013851069689	22	0.05143540669856459	0.0032	0.0	56
837	0.0179747043	0.000000000000000	19.574503731854378	22	0.052568697729988054	0.0032	0.0	56
838	0.0179747043	0.000000000000000	19.574503731854378	22	0.05250596658711217	0.0032	0.0	56
839	0.0179747043	0.000000000000000	19.574503731854378	22	0.052443384982121574	0.0032	0.0	56
840	0.0179747043	0.000000000000000	19.574503731854378	22	0.05238095238095238	0.0032	0.0	56
841	0.0179747043	0.000000000000000	19.574503731854378	22	0.052318668252080855	0.0032	0.0	56
842	0.0179747043	0.000000000000000	19.53661858828384	22	0.05344418052256532	0.0032	0.0	56
843	0.0179747043	0.000000000000000	19.365516690393953	22	0.054567022538552785	0.0032	0.0	56
844	0.0179747043	0.000000000000000	19.365516690393953	22	0.054502369668246446	0.0032	0.0	56
845	0.0179747043	0.000000000000000	19.365516690393953	22	0.054437869822485205	0.0032	0.0	56
846	0.0179747043	0.000000000000000	19.365516690393953	22	0.054373522458628844	0.0032	0.0	56
847	0.0179747043	0.000000000000000	19.365516690393953	22	0.05430932703659976	0.0032	0.0	56
848	0.0179747043	0.000000000000000	19.365516690393953	22	0.054245283018867926	0.0032	0.0	56
849	0.0179747043	0.000000000000000	19.365516690393953	22	0.05418138987043581	0.0032	0.0	56
850	0.0179747043	0.000000000000000	19.055799772166395	22	0.05529411764705883	0.0032	0.0	56
851	0.0179747043	0.000000000000000	19.055799772166395	22	0.055229142185663924	0.0032	0.0	56
852	0.0179747043	0.000000000000000	19.055799772166395	22	0.05516431924882629	0.0032	0.0	56
853	0.0179747043	0.000000000000000	19.055799772166395	22	0.05509964830011723	0.0032	0.0	56
854	0.0179747043	0.000000000000000	19.055799772166395	22	0.05503512880562061	0.0032	0.0	56
855	0.0144121503	0.000000000000000	19.988419927205157	23	0.056140350877192984	0.0032	0.0	56
856	0.0144121503	0.000000000000000	19.988419927205157	23	0.056074766355140186	0.0032	0.0	56
857	0.0144121503	0.000000000000000	19.988419927205157	23	0.056009334889148193	0.0032	0.0	56
858	0.0144121503	0.000000000000000	19.988419927205157	23	0.055944055944055944	0.0032	0.0	56
859	0.0144121503	0.000000000000000	19.988419927205157	23	0.05587892898719441	0.0032	0.0	56
860	0.0144121503	0.000000000000000	19.988419927205157	23	0.05581395348837209	0.0032	0.0	56
861	0.0144121503	0.000000000000000	19.988419927205157	23	0.05574912891986063	0.0032	0.0	56
862	0.0144121503	0.000000000000000	19.988419927205157	23	0.05568445475638051	0.0032	0.0	56
863	0.0144121503	0.000000000000000	19.988419927205157	23	0.055619930475086905	0.0032	0.0	56
864	0.0144121503	0.000000000000000	19.988419927205157	23	0.05555555555555555	0.0032	0.0	56
865	0.0144121503	0.000000000000000	19.988419927205157	23	0.055491329479768786	0.0032	0.0	56
866	0.0144121503	0.000000000000000	19.988419927205157	23	0.05542725173210162	0.0032	0.0	56
867	0.0144121503	0.000000000000000	19.988419927205157	23	0.05536332179930796	0.0032	0.0	56
868	0.0144121503	0.000000000000000	19.988419927205157	23	0.055299539170506916	0.0032	0.0	56
869	0.0144121503	0.000000000000000	19.988419927205157	23	0.05523590333716916	0.0032	0.0	56
870	0.0108335125	0.000000000000000	20.17063677567806	23	0.05632183908045977	0.0032	0.0	56
871	0.0108335125	0.000000000000000	20.17063677567806	23	0.05625717566016074	0.0032	0.0	56
872	0.0108335125	0.000000000000000	20.17063677567806	23	0.05619266055045872	0.0032	0.0	56
873	0.0108335125	0.000000000000000	20.17063677567806	23	0.056128293241695305	0.0032	0.0	56
874	0.0108335125	0.000000000000000	20.17063677567806	23	0.05606407322654462	0.0032	0.0	56
875	0.0108335125	0.000000000000000	20.17063677567806	23	0.056	0.0032	0.0	56
876	0.0108335125	0.000000000000000	20.17063677567806	23	0.05593607305936073	0.0032	0.0	56
877	0.0108335125	0.000000000000000	20.17063677567806	23	0.055872291904218926	0.0032	0.0	56
878	0.0144121503	0.000000000000000	21.08701429129222	24	0.05694760820045558	0.0032	0.0	56
879	0.0144121503	0.000000000000000	21.08701429129222	24	0.05688282138794084	0.0032	0.0	56
880	0.0144121503	0.000000000000000	21.08701429129222	24	0.056818181818181816	0.0032	0.0	56
881	0.0144121503	0.000000000000000	21.08701429129222	24	0.056753688989784334	0.0032	0.0	56
882	0.0144121503	0.000000000000000	21.08701429129222	24	0.05668934240362812	0.0032	0.0	56
883	0.0144121503	0.000000000000000	21.08701429129222	24	0.056625141562853906	0.0032	0.0	56
884	0.0144121503	0.000000000000000	21.08701429129222	24	0.05656108597285068	0.0032	0.0	56
885	0.0144121503	0.000000000000000	21.08701429129222	24	0.05649717514124294	0.0032	0.0	56
886	0.0144121503	0.000000000000000	21.08701429129222	24	0.056433408577878104	0.0032	0.0	56
887	0.0144121503	0.000000000000000	21.08701429129222	24	0.05636978579481398	0.0032	0.0	56
888	0.0144121503	0.000000000000000	21.061379512449708	24	0.057432432432432436	0.0032	0.0	56
889	0.0144121503	0.000000000000000	21.061379512449708	24	0.05736782902137233	0.0032	0.0	56
890	0.0144121503	0.000000000000000	21.061379512449708	24	0.05730337078651685	0.0032	0.0	56
891	0.0144121503	0.000000000000000	21.061379512449708	24	0.05723905723905724	0.0032	0.0	56
892	0.0144121503	0.000000000000000	21.061379512449708	24	0.05717488789237668	0.0032	0.0	56
893	0.0144121503	0.000000000000000	21.061379512449708	24	0.05711086226203808	0.0032	0.0	56
894	0.0144121503	0.000000000000000	21.061379512449708	24	0.05704697986577181	0.0032	0.0	56
895	0.0144121503	0.000000000000000	21.061379512449708	24	0.05698324022346369	0.0032	0.0	56
896	0.0144121503	0.000000000000000	21.061379512449708	24	0.056919642857142856	0.0032	0.0	56
897	0.0144121503	0.000000000000000	21.061379512449708	24	0.056856187290969896	0.0032	0.0	56
898	0.0144121503	0.000000000000000	21.061379512449708	24	0.05679287305122494	0.0032	0.0	56
899	0.0144121503	0.000000000000000	21.061379512449708	24	0.05672969966629588	0.0032	0.0	56
900	0.0144121503	0.000000000000000	21.061379512449708	24	0.056666666666666664	0.0032	0.0	56
901	0.0144121503	0.000000000000000	21.061379512449708	24	0.05660377358490566	0.0032	0.0	56
902	0.0144121503	0.000000000000000	21.061379512449708	24	0.0565410199556541	0.0032	0.0	56
903	0.0144121503	0.000000000000000	21.061379512449708	24	0.05647840531561462	0.0032	0.0	56
904	0.0144121503	0.000000000000000	21.061379512449708	24	0.05641592920353982	0.0032	0.0	56
905	0.0144121503	0.000000000000000	21.061379512449708	24	0.056353591160221	0.0032	0.0	56
906	0.0144121503	0.000000000000000	21.061379512449708	24	0.056291390728476824	0.0032	0.0	56
907	0.0144121503	0.000000000000000	21.061379512449708	24	0.05622932745314223	0.0032	0.0	56
908	0.0144121503	0.000000000000000	21.061379512449708	24	0.05616740088105727	0.0032	0.0	56
909	0.0144121503	0.000000000000000	21.061379512449708	24	0.056105610561056105	0.0032	0.0	56
910	0.0144121503	0.000000000000000	21.061379512449708	24	0.056043956043956046	0.0032	0.0	56
911	0.0144121503	0.000000000000000	21.061379512449708	24	0.05598243688254665	0.0032	0.0	56
912	0.0144121503	0.000000000000000	21.061379512449708	24	0.05592105263157895	0.0032	0.0	56
913	0.0144121503	0.000000000000000	21.061379512449708	24	0.05585980284775466	0.0032	0.0	56
914	0.0144121503	0.000000000000000	21.061379512449708	24	0.05579868708971553	0.0032	0.0	56
915	0.0144121503	0.000000000000000	21.061379512449708	24	0.05573770491803279	0.0032	0.0	56
916	0.0144121503	0.000000000000000	21.061379512449708	24	0.055676855895196505	0.0032	0.0	56
917	0.0144121503	0.000000000000000	21.061379512449708	24	0.05561613958560523	0.0032	0.0	56
918	0.0144121503	0.000000000000000	21.061379512449708	24	0.05555555555555555	0.0032	0.0	56
919	0.0144121503	0.000000000000000	21.061379512449708	24	0.055495103373231776	0.0032	0.0	56
920	0.0144121503	0.000000000000000	21.061379512449708	24	0.05543478260869565	0.0032	0.0	56
921	0.0144121503	0.000000000000000	21.061379512449708	24	0.05537459283387622	0.0032	0.0	56
922	0.0144121503	0.000000000000000	21.061379512449708	24	0.055314533622559656	0.0032	0.0	56
923	0.0144121503	0.000000000000000	21.061379512449708	24	0.0552546045503792	0.0032	0.0	56
924	0.0144121503	0.000000000000000	21.061379512449708	24	0.05519480519480519	0.0032	0.0	56
925	0.0144121503	0.000000000000000	21.061379512449708	24	0.055135135135135134	0.0032	0.0	56
926	0.0144121503	0.000000000000000	21.061379512449708	24	0.0550755939524838	0.0032	0.0	56
927	0.0144121503	0.000000000000000	21.061379512449708	24	0.05501618122977346	0.0032	0.0	56
928	0.0144121503	0.000000000000000	21.061379512449708	24	0.05495689655172414	0.0032	0.0	56
929	0.0144121503	0.000000000000000	21.061379512449708	24	0.05489773950484392	0.0032	0.0	56
930	0.0144121503	0.000000000000000	21.061379512449708	24	0.054838709677419356	0.0032	0.0	56
931	0.0144121503	0.000000000000000	21.061379512449708	24	0.05477980665950591	0.0032	0.0	56
932	0.0144121503	0.000000000000000	21.061379512449708	24	0.05472103004291846	0.0032	0.0	56
933	0.0144121503	0.000000000000000	21.061379512449708	24	0.05466237942122187	0.0032	0.0	56
934	0.0144121503	0.000000000000000	21.061379512449708	24	0.05460385438972163	0.0032	0.0	56
935	0.0144121503	0.000000000000000	21.061379512449708	24	0.05454545454545454	0.0032	0.0	56
936	0.0144121503	0.000000000000000	21.061379512449708	24	0.05448717948717949	0.0032	0.0	56
937	0.0144121503	0.000000000000000	21.061379512449708	24	0.054429028815368194	0.0032	0.0	56
938	0.0144121503	0.000000000000000	21.061379512449708	24	0.054371002132196165	0.0032	0.0	56
939	0.0144121503	0.000000000000000	21.061379512449708	24	0.054313099041533544	0.0032	0.0	56
940	0.0216182254	0.000000000000000	21.082408647788053	24	0.05531914893617021	0.0032	0.0	56
941	0.0216182254	0.000000000000000	21.082408647788053	24	0.05526036131774708	0.0032	0.0	56
942	0.0216182254	0.000000000000000	21.082408647788053	24	0.055201698513800426	0.0032	0.0	56
943	0.0216182254	0.000000000000000	21.082408647788053	24	0.05514316012725345	0.0032	0.0	56
944	0.0216182254	0.000000000000000	21.082408647788053	24	0.05508474576271186	0.0032	0.0	56
945	0.0216182254	0.000000000000000	21.082408647788053	24	0.05502645502645503	0.0032	0.0	56
946	0.0216182254	0.000000000000000	21.082408647788053	24	0.05496828752642706	0.0032	0.0	56
947	0.0144121503	0.000000000000000	21.164172535263024	24	0.0559662090813094	0.0032	0.0	56
948	0.0144121503	0.000000000000000	21.164172535263024	24	0.05590717299578059	0.0032	0.0	56
949	0.0144121503	0.000000000000000	21.164172535263024	24	0.05584826132771338	0.0032	0.0	56
950	0.0144121503	0.000000000000000	21.164172535263024	24	0.05578947368421053	0.0032	0.0	56
951	0.0144121503	0.000000000000000	21.164172535263024	24	0.05573080967402734	0.0032	0.0	56
952	0.0144121503	0.000000000000000	21.164172535263024	24	0.05567226890756303	0.0032	0.0	56
953	0.0144121503	0.000000000000000	21.164172535263024	24	0.055613850996852045	0.0032	0.0	56
954	0.0144121503	0.000000000000000	21.164172535263024	24	0.05555555555555555	0.0032	0.0	56
955	0.0144121503	0.000000000000000	21.164172535263024	24	0.05549738219895288	0.0032	0.0	56
956	0.0144121503	0.000000000000000	21.164172535263024	24	0.05543933054393305	0.0032	0.0	56
957	0.0144121503	0.000000000000000	21.164172535263024	24	0.055381400208986416	0.0032	0.0	56
958	0.0144121503	0.000000000000000	21.164172535263024	24	0.055323590814196244	0.0032	0.0	56
959	0.0144121503	0.000000000000000	21.164172535263024	24	0.05526590198123045	0.0032	0.0	56
960	0.0144121503	0.000000000000000	21.164172535263024	24	0.05520833333333333	0.0032	0.0	56
961	0.0144121503	0.000000000000000	21.17865365914342	24	0.05619146722164412	0.0032	0.0	56
962	0.0144121503	0.000000000000000	21.17865365914342	24	0.056133056133056136	0.0032	0.0	56
963	0.0144121503	0.000000000000000	22.149991888437587	25	0.05711318795430945	0.0032	0.0	56
964	0.0144121503	0.000000000000000	22.149991888437587	25	0.05705394190871369	0.0032	0.0	56
965	0.0144121503	0.000000000000000	22.149991888437587	25	0.05699481865284974	0.0032	0.0	56
966	0.0144121503	0.000000000000000	22.149991888437587	25	0.056935817805383024	0.0032	0.0	56
967	0.0144121503	0.000000000000000	22.149991888437587	25	0.05687693898655636	0.0032	0.0	56
968	0.0144121503	0.000000000000000	22.149991888437587	25	0.056818181818181816	0.0032	0.0	56
969	0.0144121503	0.000000000000000	22.149991888437587	25	0.05675954592363261	0.0032	0.0	56
970	0.0144121503	0.000000000000000	22.149991888437587	25	0.05670103092783505	0.0032	0.0	56
971	0.0144121503	0.000000000000000	22.149991888437587	25	0.05664263645726056	0.0032	0.0	56
972	0.0144121503	0.000000000000000	22.149991888437587	25	0.056584362139917695	0.0032	0.0	56
973	0.0144121503	0.000000000000000	22.149991888437587	25	0.0565262076053443	0.0032	0.0	56
974	0.0144121503	0.000000000000000	22.149991888437587	25	0.05646817248459959	0.0032	0.0	56
975	0.0108335125	0.000000000000000	22.210929654401998	25	0.057435897435897436	0.0032	0.0	56
976	0.0108335125	0.000000000000000	22.210929654401998	25	0.05737704918032787	0.0032	0.0	56
977	0.0108335125	0.000000000000000	22.210929654401998	25	0.057318321392016376	0.0032	0.0	56
978	0.0108335125	0.000000000000000	22.210929654401998	25	0.05725971370143149	0.0032	0.0	56
979	0.0108335125	0.000000000000000	22.210929654401998	25	0.05720122574055159	0.0032	0.0	56
980	0.0108335125	0.000000000000000	22.210929654401998	25	0.05714285714285714	0.0032	0.0	56
981	0.0108335125	0.000000000000000	22.210929654401998	25	0.05708460754332314	0.0032	0.0	56
982	0.0108335125	0.000000000000000	22.210929654401998	25	0.05702647657841141	0.0032	0.0	56
983	0.0108335125	0.000000000000000	22.210929654401998	25	0.056968463886063074	0.0032	0.0	56
984	0.0108335125	0.000000000000000	22.210929654401998	25	0.056910569105691054	0.0032	0.0	56
985	0.0108335125	0.000000000000000	22.210929654401998	25	0.05685279187817259	0.0032	0.0	56
986	0.0108335125	0.000000000000000	22.210929654401998	25	0.056795131845841784	0.0032	0.0	56
987	0.0108335125	0.000000000000000	22.210929654401998	25	0.05673758865248227	0.0032	0.0	56
988	0.0108335125	0.000000000000000	22.210929654401998	25	0.05668016194331984	0.0032	0.0	56
989	0.0108335125	0.000000000000000	22.210929654401998	25	0.056622851365015166	0.0032	0.0	56
990	0.0108335125	0.000000000000000	22.210929654401998	25	0.05656565656565657	0.0032	0.0	56
991	0.0108335125	0.000000000000000	22.210929654401998	25	0.056508577194752774	0.0032	0.0	56
992	0.0108335125	0.000000000000000	22.210929654401998	25	0.056451612903225805	0.0032	0.0	56
993	0.0108335125	0.000000000000000	22.210929654401998	25	0.05639476334340383	0.0032	0.0	56
994	0.0108335125	0.000000000000000	22.210929654401998	25	0.056338028169014086	0.0032	0.0	56
995	0.0108335125	0.000000000000000	22.210929654401998	25	0.05628140703517588	0.0032	0.0	56
996	0.0108335125	0.000000000000000	22.210929654401998	25	0.05622489959839357	0.0032	0.0	56
997	0.0108335125	0.000000000000000	22.210929654401998	25	0.05616850551654965	0.0032	0.0	56
998	0.0108335125	0.000000000000000	22.210929654401998	25	0.056112224448897796	0.0032	0.0	56
999	0.0108335125	0.000000000000000	22.210929654401998	25	0.056056056056056056	0.0032	0.0	56
1000	0.0108335125	0.000000000000000	22.210929654401998	25	0.056	0.0032	0.0	56
