0	0.0000000000	0.000000000000000	0.0	0	0	0.0032	0.0	56
1	0.0000000000	0.000000000000000	0.0	0	0.0	0.0032	0.0	56
2	0.0000000000	0.000000000000000	0.0	0	0.0	0.0032	0.0	56
3	0.0000000000	0.000000000000000	0.0	0	0.0	0.0032	0.0	56
4	0.0000000000	0.000000000000000	0.0	0	0.0	0.0032	0.0	56
5	0.0000000000	0.000000000000000	0.0	0	0.0	0.0032	0.0	56
6	0.0000000000	0.000000000000000	0.0	0	0.0	0.0032	0.0	56
7	0.0000000000	0.000000000000000	0.0	0	0.0	0.0032	0.0	56
8	0.0000000000	0.000000000000000	0.0	0	0.0	0.0032	0.0	56
9	0.0000000000	0.000000000000000	0.0	0	0.0	0.0032	0.0	56
10	0.0000000000	0.000000000000000	0.0	0	0.0	0.0032	0.0	56
11	0.0000000000	0.000000000000000	0.0	0	0.0	0.0032	0.0	56
12	0.0000000000	0.000000000000000	0.0	0	0.0	0.0032	0.0	56
13	0.0000000000	0.000000000000000	0.0	0	0.0	0.0032	0.0	56
14	0.0000000000	0.000000000000000	0.0	0	0.0	0.0032	0.0	56
15	0.0000000000	0.000000000000000	0.0	0	0.0	0.0032	0.0	56
16	0.0000000000	0.000000000000000	0.0	0	0.0	0.0032	0.0	56
17	0.0000000000	0.000000000000000	0.0	0	0.0	0.0032	0.0	56
18	0.0000000000	0.000000000000000	0.0	0	0.0	0.0032	0.0	56
19	0.0000000000	0.000000000000000	0.0	0	0.0	0.0032	0.0	56
20	0.0000000000	0.000000000000000	0.0	0	0.0	0.0032	0.0	56
21	0.0000000000	0.000000000000000	0.0	0	0.0	0.0032	0.0	56
22	0.0000000000	0.000000000000000	0.0	0	0.0	0.0032	0.0	56
23	0.0000000000	0.000000000000000	0.0	0	0.0	0.0032	0.0	56
24	0.0000000000	0.000000000000000	0.0	0	0.0	0.0032	0.0	56
25	0.0000000000	0.000000000000000	0.0	0	0.0	0.0032	0.0	56
26	0.0000000000	0.000000000000000	0.0	0	0.0	0.0032	0.0	56
27	0.0000000000	0.000000000000000	0.0	0	0.0	0.0032	0.0	56
28	0.0000000000	0.000000000000000	0.0	0	0.0	0.0032	0.0	56
29	0.0000000000	0.000000000000000	0.0	0	0.0	0.0032	0.0	56
30	0.0000000000	0.000000000000000	0.0	0	0.0	0.0032	0.0	56
31	0.0000000000	0.000000000000000	0.0	0	0.0	0.0032	0.0	56
32	0.0000000000	0.000000000000000	0.0	0	0.0	0.0032	0.0	56
33	0.0000000000	0.000000000000000	0.0	0	0.0	0.0032	0.0	56
34	0.0000000000	0.000000000000000	0.0	0	0.0	0.0032	0.0	56
35	0.0000000000	0.000000000000000	0.0	0	0.0	0.0032	0.0	56
36	0.0000000000	0.000000000000000	0.0	0	0.0	0.0032	0.0	56
37	0.0000000000	0.000000000000000	0.0	0	0.0	0.0032	0.0	56
38	0.0000000000	0.000000000000000	0.0	0	0.0	0.0032	0.0	56
39	0.0000000000	0.000000000000000	0.0	0	0.0	0.0032	0.0	56
40	0.0000000000	0.000000000000000	0.0	0	0.0	0.0032	0.0	56
41	0.0000000000	0.000000000000000	0.0	0	0.0	0.0032	0.0	56
42	0.0000000000	0.000000000000000	0.0	0	0.0	0.0032	0.0	56
43	0.0000000000	0.000000000000000	0.0	0	0.0	0.0032	0.0	56
44	0.0000000000	0.000000000000000	0.0	0	0.0	0.0032	0.0	56
45	0.0000000000	0.000000000000000	0.0	0	0.0	0.0032	0.0	56
46	0.0000000000	0.000000000000000	0.0	0	0.0	0.0032	0.0	56
47	0.0000000000	0.000000000000000	0.0	0	0.0	0.0032	0.0	56
48	0.0000000000	0.000000000000000	0.0	0	0.0	0.0032	0.0	56
49	0.0000000000	0.000000000000000	0.0	0	0.0	0.0032	0.0	56
50	0.0000000000	0.000000000000000	0.0	0	0.0	0.0032	0.0	56
51	0.0000000000	0.000000000000000	0.0	0	0.0	0.0032	0.0	56
52	0.0108335125	0.000000000000000	0.940685045948204	1	0.019230769230769232	0.0032	0.0	56
53	0.0108335125	0.000000000000000	0.940685045948204	1	0.018867924528301886	0.0032	0.0	56
54	0.0108335125	0.000000000000000	0.940685045948204	1	0.018518518518518517	0.0032	0.0	56
55	0.0108335125	0.000000000000000	0.940685045948204	1	0.01818181818181818	0.0032	0.0	56
56	0.0108335125	0.000000000000000	0.940685045948204	1	0.017857142857142856	0.0032	0.0	56
57	0.0108335125	0.000000000000000	0.940685045948204	1	0.017543859649122806	0.0032	0.0	56
58	0.0108826441	0.000000000000000	1.8343692564745198	2	0.034482758620689655	0.0032	0.0	56
59	0.0108826441	0.000000000000000	1.8343692564745198	2	0.03389830508474576	0.0032	0.0	56
60	0.0108826441	0.000000000000000	1.8343692564745198	2	0.03333333333333333	0.0032	0.0	56
61	0.0108826441	0.000000000000000	1.8343692564745198	2	0.03278688524590164	0.0032	0.0	56
62	0.0036111708	0.000000000000000	2.818981951001535	3	0.04838709677419355	0.0032	0.0	56
63	0.0036111708	0.000000000000000	2.818981951001535	3	0.047619047619047616	0.0032	0.0	56
64	0.0036111708	0.000000000000000	2.818981951001535	3	0.046875	0.0032	0.0	56
65	0.0036111708	0.000000000000000	2.818981951001535	3	0.046153846153846156	0.0032	0.0	56
66	0.0036111708	0.000000000000000	2.818981951001535	3	0.045454545454545456	0.0032	0.0	56
67	0.0036111708	0.000000000000000	2.818981951001535	3	0.04477611940298507	0.0032	0.0	56
68	0.0036111708	0.000000000000000	2.818981951001535	3	0.04411764705882353	0.0032	0.0	56
69	0.0036111708	0.000000000000000	2.818981951001535	3	0.043478260869565216	0.0032	0.0	56
70	0.0036111708	0.000000000000000	2.818981951001535	3	0.04285714285714286	0.0032	0.0	56
71	0.0036111708	0.000000000000000	2.818981951001535	3	0.04225352112676056	0.0032	0.0	56
72	0.0036111708	0.000000000000000	2.818981951001535	3	0.041666666666666664	0.0032	0.0	56
73	0.0036111708	0.000000000000000	2.818981951001535	3	0.0410958904109589	0.0032	0.0	56
74	0.0036111708	0.000000000000000	2.818981951001535	3	0.04054054054054054	0.0032	0.0	56
75	0.0036111708	0.000000000000000	2.818981951001535	3	0.04	0.0032	0.0	56
76	0.0036111708	0.000000000000000	2.818981951001535	3	0.039473684210526314	0.0032	0.0	56
77	0.0036111708	0.000000000000000	2.818981951001535	3	0.03896103896103896	0.0032	0.0	56
78	0.0036111708	0.000000000000000	2.818981951001535	3	0.038461538461538464	0.0032	0.0	56
79	0.0036111708	0.000000000000000	2.818981951001535	3	0.0379746835443038	0.0032	0.0	56
80	0.0036111708	0.000000000000000	2.818981951001535	3	0.0375	0.0032	0.0	56
81	0.0036111708	0.000000000000000	2.818981951001535	3	0.037037037037037035	0.0032	0.0	56
82	0.0036111708	0.000000000000000	2.818981951001535	3	0.036585365853658534	0.0032	0.0	56
83	0.0036111708	0.000000000000000	2.818981951001535	3	0.03614457831325301	0.0032	0.0	56
84	0.0036111708	0.000000000000000	2.818981951001535	3	0.03571428571428571	0.0032	0.0	56
85	0.0036111708	0.000000000000000	2.818981951001535	3	0.03529411764705882	0.0032	0.0	56
86	0.0036111708	0.000000000000000	2.818981951001535	3	0.03488372093023256	0.0032	0.0	56
87	0.0036111708	0.000000000000000	2.818981951001535	3	0.034482758620689655	0.0032	0.0	56
88	0.0036111708	0.000000000000000	2.818981951001535	3	0.03409090909090909	0.0032	0.0	56
89	0.0036111708	0.000000000000000	2.818981951001535	3	0.033707865168539325	0.0032	0.0	56
90	0.0036111708	0.000000000000000	2.818981951001535	3	0.03333333333333333	0.0032	0.0	56
91	0.0036111708	0.000000000000000	2.818981951001535	3	0.03296703296703297	0.0032	0.0	56
92	0.0036111708	0.000000000000000	2.818981951001535	3	0.03260869565217391	0.0032	0.0	56
93	0.0036111708	0.000000000000000	2.818981951001535	3	0.03225806451612903	0.0032	0.0	56
94	0.0036111708	0.000000000000000	2.818981951001535	3	0.031914893617021274	0.0032	0.0	56
95	0.0036111708	0.000000000000000	2.818981951001535	3	0.031578947368421054	0.0032	0.0	56
96	0.0036111708	0.000000000000000	2.818981951001535	3	0.03125	0.0032	0.0	56
97	0.0036111708	0.000000000000000	2.818981951001535	3	0.030927835051546393	0.0032	0.0	56
98	0.0036111708	0.000000000000000	2.818981951001535	3	0.030612244897959183	0.0032	0.0	56
99	0.0036111708	0.000000000000000	2.818981951001535	3	0.030303030303030304	0.0032	0.0	56
100	0.0036111708	0.000000000000000	2.818981951001535	3	0.03	0.0032	0.0	56
101	0.0036111708	0.000000000000000	2.818981951001535	3	0.0297029702970297	0.0032	0.0	56
102	0.0036111708	0.000000000000000	2.818981951001535	3	0.029411764705882353	0.0032	0.0	56
103	0.0036111708	0.000000000000000	2.818981951001535	3	0.02912621359223301	0.0032	0.0	56
104	0.0036111708	0.000000000000000	2.818981951001535	3	0.028846153846153848	0.0032	0.0	56
105	0.0036111708	0.000000000000000	2.818981951001535	3	0.02857142857142857	0.0032	0.0	56
106	0.0036111708	0.000000000000000	2.818981951001535	3	0.02830188679245283	0.0032	0.0	56
107	0.0036275480	0.000000000000000	3.6632309161109378	4	0.037383177570093455	0.0032	0.0	56
108	0.0036275480	0.000000000000000	3.6632309161109378	4	0.037037037037037035	0.0032	0.0	56
109	0.0036275480	0.000000000000000	3.6632309161109378	4	0.03669724770642202	0.0032	0.0	56
110	0.0036275480	0.000000000000000	3.6632309161109378	4	0.03636363636363636	0.0032	0.0	56
111	0.0036275480	0.000000000000000	3.6632309161109378	4	0.036036036036036036	0.0032	0.0	56
112	0.0036275480	0.000000000000000	3.6632309161109378	4	0.03571428571428571	0.0032	0.0	56
113	0.0036275480	0.000000000000000	3.6632309161109378	4	0.035398230088495575	0.0032	0.0	56
114	0.0036275480	0.000000000000000	3.6632309161109378	4	0.03508771929824561	0.0032	0.0	56
115	0.0036275480	0.000000000000000	3.6632309161109378	4	0.034782608695652174	0.0032	0.0	56
116	0.0036275480	0.000000000000000	3.6632309161109378	4	0.034482758620689655	0.0032	0.0	56
117	0.0145431698	0.000000000000000	3.638299728722556	4	0.042735042735042736	0.0032	0.0	56
118	0.0145431698	0.000000000000000	3.638299728722556	4	0.0423728813559322	0.0032	0.0	56
119	0.0145431698	0.000000000000000	3.638299728722556	4	0.04201680672268908	0.0032	0.0	56
120	0.0145431698	0.000000000000000	3.638299728722556	4	0.041666666666666664	0.0032	0.0	56
121	0.0145431698	0.000000000000000	3.638299728722556	4	0.04132231404958678	0.0032	0.0	56
122	0.0145431698	0.000000000000000	3.638299728722556	4	0.040983606557377046	0.0032	0.0	56
123	0.0145431698	0.000000000000000	3.638299728722556	4	0.04065040650406504	0.0032	0.0	56
124	0.0145431698	0.000000000000000	3.638299728722556	4	0.04032258064516129	0.0032	0.0	56
125	0.0036275480	0.000000000000000	4.609637958016721	5	0.048	0.0032	0.0	56
126	0.0036275480	0.000000000000000	4.609637958016721	5	0.047619047619047616	0.0032	0.0	56
127	0.0036275480	0.000000000000000	4.609637958016721	5	0.047244094488188976	0.0032	0.0	56
128	0.0036275480	0.000000000000000	4.609637958016721	5	0.046875	0.0032	0.0	56
129	0.0036275480	0.000000000000000	4.609637958016721	5	0.046511627906976744	0.0032	0.0	56
130	0.0036275480	0.000000000000000	4.609637958016721	5	0.046153846153846156	0.0032	0.0	56
131	0.0036275480	0.000000000000000	4.609637958016721	5	0.04580152671755725	0.0032	0.0	56
132	0.0036275480	0.000000000000000	4.609637958016721	5	0.045454545454545456	0.0032	0.0	56
133	0.0036275480	0.000000000000000	4.609637958016721	5	0.045112781954887216	0.0032	0.0	56
134	0.0036275480	0.000000000000000	4.609637958016721	5	0.04477611940298507	0.0032	0.0	56
135	0.0036275480	0.000000000000000	4.609637958016721	5	0.044444444444444446	0.0032	0.0	56
136	0.0036275480	0.000000000000000	4.609637958016721	5	0.04411764705882353	0.0032	0.0	56
137	0.0036275480	0.000000000000000	4.609637958016721	5	0.043795620437956206	0.0032	0.0	56
138	0.0036275480	0.000000000000000	4.609637958016721	5	0.043478260869565216	0.0032	0.0	56
139	0.0036275480	0.000000000000000	4.609637958016721	5	0.04316546762589928	0.0032	0.0	56
140	0.0036275480	0.000000000000000	4.609637958016721	5	0.04285714285714286	0.0032	0.0	56
141	0.0036275480	0.000000000000000	4.609637958016721	5	0.0425531914893617	0.0032	0.0	56
142	0.0036275480	0.000000000000000	4.609637958016721	5	0.04225352112676056	0.0032	0.0	56
143	0.0036275480	0.000000000000000	4.609637958016721	5	0.04195804195804196	0.0032	0.0	56
144	0.0036275480	0.000000000000000	4.609637958016721	5	0.041666666666666664	0.0032	0.0	56
145	0.0036275480	0.000000000000000	4.609637958016721	5	0.041379310344827586	0.0032	0.0	56
146	0.0036275480	0.000000000000000	4.609637958016721	5	0.0410958904109589	0.0032	0.0	56
147	0.0036275480	0.000000000000000	4.609637958016721	5	0.04081632653061224	0.0032	0.0	56
148	0.0036275480	0.000000000000000	4.609637958016721	5	0.04054054054054054	0.0032	0.0	56
149	0.0036275480	0.000000000000000	4.609637958016721	5	0.040268456375838924	0.0032	0.0	56
150	0.0036275480	0.000000000000000	4.609637958016721	5	0.04	0.0032	0.0	56
151	0.0036275480	0.000000000000000	4.609637958016721	5	0.039735099337748346	0.0032	0.0	56
152	0.0036275480	0.000000000000000	4.609637958016721	5	0.039473684210526314	0.0032	0.0	56
153	0.0036275480	0.000000000000000	4.609637958016721	5	0.0392156862745098	0.0032	0.0	56
154	0.0036275480	0.000000000000000	4.609637958016721	5	0.03896103896103896	0.0032	0.0	56
155	0.0036275480	0.000000000000000	4.609637958016721	5	0.03870967741935484	0.0032	0.0	56
156	0.0036275480	0.000000000000000	4.609637958016721	5	0.038461538461538464	0.0032	0.0	56
157	0.0036275480	0.000000000000000	4.609637958016721	5	0.03821656050955414	0.0032	0.0	56
158	0.0036275480	0.000000000000000	4.609637958016721	5	0.0379746835443038	0.0032	0.0	56
159	0.0036275480	0.000000000000000	4.609637958016721	5	0.03773584905660377	0.0032	0.0	56
160	0.0036275480	0.000000000000000	4.609637958016721	5	0.0375	0.0032	0.0	56
161	0.0036275480	0.000000000000000	4.609637958016721	5	0.037267080745341616	0.0032	0.0	56
162	0.0036275480	0.000000000000000	4.609637958016721	5	0.037037037037037035	0.0032	0.0	56
163	0.0036275480	0.000000000000000	4.609637958016721	5	0.03680981595092025	0.0032	0.0	56
164	0.0036275480	0.000000000000000	4.609637958016721	5	0.036585365853658534	0.0032	0.0	56
165	0.0036275480	0.000000000000000	4.609637958016721	5	0.03636363636363636	0.0032	0.0	56
166	0.0036275480	0.000000000000000	4.609637958016721	5	0.03614457831325301	0.0032	0.0	56
167	0.0036275480	0.000000000000000	4.609637958016721	5	0.03592814371257485	0.0032	0.0	56
168	0.0036275480	0.000000000000000	4.609637958016721	5	0.03571428571428571	0.0032	0.0	56
169	0.0036275480	0.000000000000000	4.609637958016721	5	0.03550295857988166	0.0032	0.0	56
170	0.0036275480	0.000000000000000	4.609637958016721	5	0.03529411764705882	0.0032	0.0	56
171	0.0036275480	0.000000000000000	4.609637958016721	5	0.03508771929824561	0.0032	0.0	56
172	0.0036275480	0.000000000000000	4.609637958016721	5	0.03488372093023256	0.0032	0.0	56
173	0.0036275480	0.000000000000000	4.609637958016721	5	0.03468208092485549	0.0032	0.0	56
174	0.0036275480	0.000000000000000	4.609637958016721	5	0.034482758620689655	0.0032	0.0	56
175	0.0036275480	0.000000000000000	4.609637958016721	5	0.03428571428571429	0.0032	0.0	56
176	0.0036275480	0.000000000000000	4.609637958016721	5	0.03409090909090909	0.0032	0.0	56
177	0.0036275480	0.000000000000000	4.609637958016721	5	0.03389830508474576	0.0032	0.0	56
178	0.0036275480	0.000000000000000	4.609637958016721	5	0.033707865168539325	0.0032	0.0	56
179	0.0036275480	0.000000000000000	4.609637958016721	5	0.0335195530726257	0.0032	0.0	56
180	0.0036275480	0.000000000000000	4.609637958016721	5	0.03333333333333333	0.0032	0.0	56
181	0.0036275480	0.000000000000000	4.609637958016721	5	0.03314917127071823	0.0032	0.0	56
182	0.0036275480	0.000000000000000	4.609637958016721	5	0.03296703296703297	0.0032	0.0	56
183	0.0036275480	0.000000000000000	4.609637958016721	5	0.03278688524590164	0.0032	0.0	56
184	0.0036275480	0.000000000000000	4.609637958016721	5	0.03260869565217391	0.0032	0.0	56
185	0.0036275480	0.000000000000000	4.609637958016721	5	0.032432432432432434	0.0032	0.0	56
186	0.0036275480	0.000000000000000	4.609637958016721	5	0.03225806451612903	0.0032	0.0	56
187	0.0036275480	0.000000000000000	4.609637958016721	5	0.03208556149732621	0.0032	0.0	56
188	0.0036275480	0.000000000000000	4.609637958016721	5	0.031914893617021274	0.0032	0.0	56
189	0.0036275480	0.000000000000000	4.609637958016721	5	0.031746031746031744	0.0032	0.0	56
190	0.0036275480	0.000000000000000	4.609637958016721	5	0.031578947368421054	0.0032	0.0	56
191	0.0036275480	0.000000000000000	4.609637958016721	5	0.031413612565445025	0.0032	0.0	56
192	0.0036275480	0.000000000000000	4.609637958016721	5	0.03125	0.0032	0.0	56
193	0.0036275480	0.000000000000000	4.609637958016721	5	0.031088082901554404	0.0032	0.0	56
194	0.0036275480	0.000000000000000	4.609637958016721	5	0.030927835051546393	0.0032	0.0	56
195	0.0036275480	0.000000000000000	4.609637958016721	5	0.03076923076923077	0.0032	0.0	56
196	0.0036275480	0.000000000000000	4.609637958016721	5	0.030612244897959183	0.0032	0.0	56
197	0.0036275480	0.000000000000000	4.609637958016721	5	0.030456852791878174	0.0032	0.0	56
198	0.0036275480	0.000000000000000	4.609637958016721	5	0.030303030303030304	0.0032	0.0	56
199	0.0036275480	0.000000000000000	4.609637958016721	5	0.03015075376884422	0.0032	0.0	56
200	0.0036275480	0.000000000000000	4.609637958016721	5	0.03	0.0032	0.0	56
201	0.0036275480	0.000000000000000	4.609637958016721	5	0.029850746268656716	0.0032	0.0	56
202	0.0036275480	0.000000000000000	4.609637958016721	5	0.0297029702970297	0.0032	0.0	56
203	0.0036275480	0.000000000000000	4.609637958016721	5	0.029556650246305417	0.0032	0.0	56
204	0.0036275480	0.000000000000000	4.609637958016721	5	0.029411764705882353	0.0032	0.0	56
205	0.0036275480	0.000000000000000	4.609637958016721	5	0.02926829268292683	0.0032	0.0	56
206	0.0036275480	0.000000000000000	4.609637958016721	5	0.02912621359223301	0.0032	0.0	56
207	0.0036275480	0.000000000000000	4.609637958016721	5	0.028985507246376812	0.0032	0.0	56
208	0.0036275480	0.000000000000000	4.609637958016721	5	0.028846153846153848	0.0032	0.0	56
209	0.0036275480	0.000000000000000	4.609637958016721	5	0.028708133971291867	0.0032	0.0	56
210	0.0036275480	0.000000000000000	4.609637958016721	5	0.02857142857142857	0.0032	0.0	56
211	0.0036275480	0.000000000000000	4.609637958016721	5	0.02843601895734597	0.0032	0.0	56
212	0.0036275480	0.000000000000000	4.609637958016721	5	0.02830188679245283	0.0032	0.0	56
213	0.0036275480	0.000000000000000	4.609637958016721	5	0.028169014084507043	0.0032	0.0	56
214	0.0036275480	0.000000000000000	4.609637958016721	5	0.028037383177570093	0.0032	0.0	56
215	0.0036275480	0.000000000000000	4.609637958016721	5	0.027906976744186046	0.0032	0.0	56
216	0.0036275480	0.000000000000000	4.609637958016721	5	0.027777777777777776	0.0032	0.0	56
217	0.0036275480	0.000000000000000	4.609637958016721	5	0.027649769585253458	0.0032	0.0	56
218	0.0036275480	0.000000000000000	4.609637958016721	5	0.027522935779816515	0.0032	0.0	56
219	0.0036275480	0.000000000000000	4.609637958016721	5	0.0273972602739726	0.0032	0.0	56
220	0.0036275480	0.000000000000000	4.609637958016721	5	0.02727272727272727	0.0032	0.0	56
221	0.0036275480	0.000000000000000	4.609637958016721	5	0.027149321266968326	0.0032	0.0	56
222	0.0036275480	0.000000000000000	4.609637958016721	5	0.02702702702702703	0.0032	0.0	56
223	0.0036275480	0.000000000000000	4.609637958016721	5	0.026905829596412557	0.0032	0.0	56
224	0.0036275480	0.000000000000000	4.609637958016721	5	0.026785714285714284	0.0032	0.0	56
225	0.0036275480	0.000000000000000	4.609637958016721	5	0.02666666666666667	0.0032	0.0	56
226	0.0036275480	0.000000000000000	4.609637958016721	5	0.02654867256637168	0.0032	0.0	56
227	0.0036275480	0.000000000000000	4.609637958016721	5	0.02643171806167401	0.0032	0.0	56
228	0.0036275480	0.000000000000000	4.609637958016721	5	0.02631578947368421	0.0032	0.0	56
229	0.0036275480	0.000000000000000	4.609637958016721	5	0.026200873362445413	0.0032	0.0	56
230	0.0036275480	0.000000000000000	4.609637958016721	5	0.02608695652173913	0.0032	0.0	56
231	0.0036275480	0.000000000000000	4.609637958016721	5	0.025974025974025976	0.0032	0.0	56
232	0.0036275480	0.000000000000000	4.609637958016721	5	0.02586206896551724	0.0032	0.0	56
233	0.0036275480	0.000000000000000	4.609637958016721	5	0.02575107296137339	0.0032	0.0	56
234	0.0036275480	0.000000000000000	4.609637958016721	5	0.02564102564102564	0.0032	0.0	56
235	0.0036275480	0.000000000000000	4.609637958016721	5	0.02553191489361702	0.0032	0.0	56
236	0.0036275480	0.000000000000000	4.609637958016721	5	0.025423728813559324	0.0032	0.0	56
237	0.0036275480	0.000000000000000	4.609637958016721	5	0.02531645569620253	0.0032	0.0	56
238	0.0036275480	0.000000000000000	4.609637958016721	5	0.025210084033613446	0.0032	0.0	56
239	0.0036275480	0.000000000000000	4.609637958016721	5	0.02510460251046025	0.0032	0.0	56
240	0.0036275480	0.000000000000000	4.609637958016721	5	0.025	0.0032	0.0	56
241	0.0036275480	0.000000000000000	4.609637958016721	5	0.024896265560165973	0.0032	0.0	56
242	0.0036275480	0.000000000000000	4.609637958016721	5	0.024793388429752067	0.0032	0.0	56
243	0.0036275480	0.000000000000000	4.609637958016721	5	0.024691358024691357	0.0032	0.0	56
244	0.0036275480	0.000000000000000	4.609637958016721	5	0.02459016393442623	0.0032	0.0	56
245	0.0036275480	0.000000000000000	4.609637958016721	5	0.024489795918367346	0.0032	0.0	56
246	0.0036275480	0.000000000000000	4.609637958016721	5	0.024390243902439025	0.0032	0.0	56
247	0.0036275480	0.000000000000000	4.609637958016721	5	0.024291497975708502	0.0032	0.0	56
248	0.0036275480	0.000000000000000	4.609637958016721	5	0.024193548387096774	0.0032	0.0	56
249	0.0036275480	0.000000000000000	4.609637958016721	5	0.024096385542168676	0.0032	0.0	56
250	0.0036275480	0.000000000000000	4.609637958016721	5	0.024	0.0032	0.0	56
251	0.0036275480	0.000000000000000	4.609637958016721	5	0.02390438247011952	0.0032	0.0	56
252	0.0036275480	0.000000000000000	4.609637958016721	5	0.023809523809523808	0.0032	0.0	56
253	0.0036275480	0.000000000000000	4.609637958016721	5	0.023715415019762844	0.0032	0.0	56
254	0.0036275480	0.000000000000000	4.609637958016721	5	0.023622047244094488	0.0032	0.0	56
255	0.0036275480	0.000000000000000	4.609637958016721	5	0.023529411764705882	0.0032	0.0	56
256	0.0036275480	0.000000000000000	4.609637958016721	5	0.0234375	0.0032	0.0	56
257	0.0036275480	0.000000000000000	4.609637958016721	5	0.023346303501945526	0.0032	0.0	56
258	0.0036275480	0.000000000000000	4.609637958016721	5	0.023255813953488372	0.0032	0.0	56
259	0.0036275480	0.000000000000000	4.609637958016721	5	0.023166023166023165	0.0032	0.0	56
260	0.0036275480	0.000000000000000	4.609637958016721	5	0.023076923076923078	0.0032	0.0	56
261	0.0036275480	0.000000000000000	4.609637958016721	5	0.022988505747126436	0.0032	0.0	56
262	0.0036275480	0.000000000000000	4.609637958016721	5	0.022900763358778626	0.0032	0.0	56
263	0.0036275480	0.000000000000000	4.609637958016721	5	0.022813688212927757	0.0032	0.0	56
264	0.0036275480	0.000000000000000	4.609637958016721	5	0.022727272727272728	0.0032	0.0	56
265	0.0036275480	0.000000000000000	4.609637958016721	5	0.022641509433962263	0.0032	0.0	56
266	0.0036275480	0.000000000000000	4.609637958016721	5	0.022556390977443608	0.0032	0.0	56
267	0.0036275480	0.000000000000000	4.609637958016721	5	0.02247191011235955	0.0032	0.0	56
268	0.0036275480	0.000000000000000	4.609637958016721	5	0.022388059701492536	0.0032	0.0	56
269	0.0036275480	0.000000000000000	4.609637958016721	5	0.022304832713754646	0.0032	0.0	56
270	0.0036275480	0.000000000000000	4.609637958016721	5	0.022222222222222223	0.0032	0.0	56
271	0.0036275480	0.000000000000000	4.609637958016721	5	0.02214022140221402	0.0032	0.0	56
272	0.0036275480	0.000000000000000	4.609637958016721	5	0.022058823529411766	0.0032	0.0	56
273	0.0036275480	0.000000000000000	4.609637958016721	5	0.02197802197802198	0.0032	0.0	56
274	0.0036275480	0.000000000000000	4.609637958016721	5	0.021897810218978103	0.0032	0.0	56
275	0.0036275480	0.000000000000000	4.609637958016721	5	0.02181818181818182	0.0032	0.0	56
276	0.0036275480	0.000000000000000	4.609637958016721	5	0.021739130434782608	0.0032	0.0	56
277	0.0036275480	0.000000000000000	4.609637958016721	5	0.021660649819494584	0.0032	0.0	56
278	0.0036275480	0.000000000000000	4.609637958016721	5	0.02158273381294964	0.0032	0.0	56
279	0.0036275480	0.000000000000000	4.609637958016721	5	0.021505376344086023	0.0032	0.0	56
280	0.0036275480	0.000000000000000	4.609637958016721	5	0.02142857142857143	0.0032	0.0	56
281	0.0036275480	0.000000000000000	4.609637958016721	5	0.021352313167259787	0.0032	0.0	56
282	0.0036275480	0.000000000000000	4.609637958016721	5	0.02127659574468085	0.0032	0.0	56
283	0.0036275480	0.000000000000000	4.609637958016721	5	0.02120141342756184	0.0032	0.0	56
284	0.0036275480	0.000000000000000	4.609637958016721	5	0.02112676056338028	0.0032	0.0	56
285	0.0036275480	0.000000000000000	4.609637958016721	5	0.021052631578947368	0.0032	0.0	56
286	0.0036275480	0.000000000000000	4.609637958016721	5	0.02097902097902098	0.0032	0.0	56
287	0.0036275480	0.000000000000000	4.609637958016721	5	0.020905923344947737	0.0032	0.0	56
288	0.0036275480	0.000000000000000	4.609637958016721	5	0.020833333333333332	0.0032	0.0	56
289	0.0036275480	0.000000000000000	4.609637958016721	5	0.020761245674740483	0.0032	0.0	56
290	0.0036275480	0.000000000000000	4.609637958016721	5	0.020689655172413793	0.0032	0.0	56
291	0.0072715849	0.000000000000000	5.567752814446185	6	0.024054982817869417	0.0032	0.0	56
292	0.0072715849	0.000000000000000	5.567752814446185	6	0.023972602739726026	0.0032	0.0	56
293	0.0072715849	0.000000000000000	5.567752814446185	6	0.023890784982935155	0.0032	0.0	56
294	0.0072715849	0.000000000000000	5.567752814446185	6	0.023809523809523808	0.0032	0.0	56
295	0.0072715849	0.000000000000000	5.567752814446185	6	0.023728813559322035	0.0032	0.0	56
296	0.0072715849	0.000000000000000	5.567752814446185	6	0.02364864864864865	0.0032	0.0	56
297	0.0072715849	0.000000000000000	5.567752814446185	6	0.02356902356902357	0.0032	0.0	56
298	0.0072715849	0.000000000000000	5.567752814446185	6	0.02348993288590604	0.0032	0.0	56
299	0.0072715849	0.000000000000000	5.567752814446185	6	0.023411371237458192	0.0032	0.0	56
300	0.0072715849	0.000000000000000	5.567752814446185	6	0.023333333333333334	0.0032	0.0	56
301	0.0072715849	0.000000000000000	5.567752814446185	6	0.023255813953488372	0.0032	0.0	56
302	0.0072715849	0.000000000000000	5.567752814446185	6	0.023178807947019868	0.0032	0.0	56
303	0.0072715849	0.000000000000000	5.567752814446185	6	0.0231023102310231	0.0032	0.0	56
304	0.0072715849	0.000000000000000	5.567752814446185	6	0.023026315789473683	0.0032	0.0	56
305	0.0072386818	0.000000000000000	6.525828769605187	7	0.02622950819672131	0.0032	0.0	56
306	0.0072386818	0.000000000000000	6.525828769605187	7	0.026143790849673203	0.0032	0.0	56
307	0.0072386818	0.000000000000000	6.525828769605187	7	0.026058631921824105	0.0032	0.0	56
308	0.0072386818	0.000000000000000	6.525828769605187	7	0.025974025974025976	0.0032	0.0	56
309	0.0072386818	0.000000000000000	6.525828769605187	7	0.025889967637540454	0.0032	0.0	56
310	0.0072386818	0.000000000000000	6.525828769605187	7	0.025806451612903226	0.0032	0.0	56
311	0.0072386818	0.000000000000000	6.525828769605187	7	0.02572347266881029	0.0032	0.0	56
312	0.0072715849	0.000000000000000	7.354577316679965	8	0.028846153846153848	0.0032	0.0	56
313	0.0072715849	0.000000000000000	7.354577316679965	8	0.02875399361022364	0.0032	0.0	56
314	0.0072715849	0.000000000000000	7.354577316679965	8	0.028662420382165606	0.0032	0.0	56
315	0.0072715849	0.000000000000000	7.354577316679965	8	0.02857142857142857	0.0032	0.0	56
316	0.0072715849	0.000000000000000	7.354577316679965	8	0.028481012658227847	0.0032	0.0	56
317	0.0072715849	0.000000000000000	7.354577316679965	8	0.028391167192429023	0.0032	0.0	56
318	0.0072715849	0.000000000000000	7.354577316679965	8	0.02830188679245283	0.0032	0.0	56
319	0.0072715849	0.000000000000000	7.354577316679965	8	0.02821316614420063	0.0032	0.0	56
320	0.0072715849	0.000000000000000	7.354577316679965	8	0.028125	0.0032	0.0	56
321	0.0072715849	0.000000000000000	7.354577316679965	8	0.028037383177570093	0.0032	0.0	56
322	0.0072715849	0.000000000000000	7.354577316679965	8	0.027950310559006212	0.0032	0.0	56
323	0.0072715849	0.000000000000000	7.354577316679965	8	0.02786377708978328	0.0032	0.0	56
324	0.0072715849	0.000000000000000	7.354577316679965	8	0.027777777777777776	0.0032	0.0	56
325	0.0072715849	0.000000000000000	7.354577316679965	8	0.027692307692307693	0.0032	0.0	56
326	0.0072715849	0.000000000000000	7.354577316679965	8	0.027607361963190184	0.0032	0.0	56
327	0.0072715849	0.000000000000000	7.354577316679965	8	0.027522935779816515	0.0032	0.0	56
328	0.0072386818	0.000000000000000	8.184400338473148	9	0.03048780487804878	0.0032	0.0	56
329	0.0072386818	0.000000000000000	8.184400338473148	9	0.030395136778115502	0.0032	0.0	56
330	0.0072386818	0.000000000000000	8.184400338473148	9	0.030303030303030304	0.0032	0.0	56
331	0.0072386818	0.000000000000000	8.184400338473148	9	0.030211480362537766	0.0032	0.0	56
332	0.0072386818	0.000000000000000	8.184400338473148	9	0.030120481927710843	0.0032	0.0	56
333	0.0072386818	0.000000000000000	8.184400338473148	9	0.03003003003003003	0.0032	0.0	56
334	0.0072386818	0.000000000000000	8.184400338473148	9	0.029940119760479042	0.0032	0.0	56
335	0.0072386818	0.000000000000000	8.184400338473148	9	0.029850746268656716	0.0032	0.0	56
336	0.0072386818	0.000000000000000	8.184400338473148	9	0.02976190476190476	0.0032	0.0	56
337	0.0072386818	0.000000000000000	8.184400338473148	9	0.02967359050445104	0.0032	0.0	56
338	0.0072386818	0.000000000000000	8.184400338473148	9	0.029585798816568046	0.0032	0.0	56
339	0.0072386818	0.000000000000000	8.184400338473148	9	0.029498525073746312	0.0032	0.0	56
340	0.0072386818	0.000000000000000	8.184400338473148	9	0.029411764705882353	0.0032	0.0	56
341	0.0072386818	0.000000000000000	8.184400338473148	9	0.02932551319648094	0.0032	0.0	56
342	0.0072386818	0.000000000000000	8.184400338473148	9	0.029239766081871343	0.0032	0.0	56
343	0.0072386818	0.000000000000000	8.184400338473148	9	0.029154518950437316	0.0032	0.0	56
344	0.0072386818	0.000000000000000	8.184400338473148	9	0.029069767441860465	0.0032	0.0	56
345	0.0072386818	0.000000000000000	8.184400338473148	9	0.028985507246376812	0.0032	0.0	56
346	0.0144773636	0.000000000000000	9.169013033000162	10	0.031791907514450865	0.0032	0.0	56
347	0.0216182254	0.000000000000000	10.146634000742099	11	0.0345821325648415	0.0032	0.0	56
348	0.0216182254	0.000000000000000	10.146634000742099	11	0.034482758620689655	0.0032	0.0	56
349	0.0216182254	0.000000000000000	10.146634000742099	11	0.034383954154727794	0.0032	0.0	56
350	0.0216182254	0.000000000000000	10.146634000742099	11	0.03428571428571429	0.0032	0.0	56
351	0.0216182254	0.000000000000000	10.146634000742099	11	0.03418803418803419	0.0032	0.0	56
352	0.0216182254	0.000000000000000	10.146634000742099	11	0.03409090909090909	0.0032	0.0	56
353	0.0216182254	0.000000000000000	10.146634000742099	11	0.0339943342776204	0.0032	0.0	56
354	0.0216182254	0.000000000000000	10.146634000742099	11	0.03389830508474576	0.0032	0.0	56
355	0.0216182254	0.000000000000000	10.146634000742099	11	0.03380281690140845	0.0032	0.0	56
356	0.0216182254	0.000000000000000	10.146634000742099	11	0.033707865168539325	0.0032	0.0	56
357	0.0216182254	0.000000000000000	10.146634000742099	11	0.03361344537815126	0.0032	0.0	56
358	0.0145431698	0.000000000000000	10.165089009231064	11	0.036312849162011177	0.0032	0.0	56
359	0.0145431698	0.000000000000000	10.165089009231064	11	0.036211699164345405	0.0032	0.0	56
360	0.0145431698	0.000000000000000	10.165089009231064	11	0.03611111111111111	0.0032	0.0	56
361	0.0145431698	0.000000000000000	10.165089009231064	11	0.036011080332409975	0.0032	0.0	56
362	0.0145431698	0.000000000000000	9.252949790215784	10	0.03867403314917127	0.0032	0.0	56
363	0.0145431698	0.000000000000000	9.252949790215784	10	0.03856749311294766	0.0032	0.0	56
364	0.0036111708	0.000000000000000	9.865352890990977	11	0.04120879120879121	0.0032	0.0	56
365	0.0036111708	0.000000000000000	9.865352890990977	11	0.0410958904109589	0.0032	0.0	56
366	0.0036111708	0.000000000000000	9.865352890990977	11	0.040983606557377046	0.0032	0.0	56
367	0.0036111708	0.000000000000000	9.865352890990977	11	0.04087193460490463	0.0032	0.0	56
368	0.0036111708	0.000000000000000	9.865352890990977	11	0.04076086956521739	0.0032	0.0	56
369	0.0036111708	0.000000000000000	9.865352890990977	11	0.04065040650406504	0.0032	0.0	56
370	0.0036111708	0.000000000000000	9.865352890990977	11	0.04054054054054054	0.0032	0.0	56
371	0.0036111708	0.000000000000000	9.865352890990977	11	0.04043126684636118	0.0032	0.0	56
372	0.0036111708	0.000000000000000	9.865352890990977	11	0.04032258064516129	0.0032	0.0	56
373	0.0036111708	0.000000000000000	9.865352890990977	11	0.040214477211796246	0.0032	0.0	56
374	0.0036111708	0.000000000000000	9.865352890990977	11	0.040106951871657755	0.0032	0.0	56
375	0.0036111708	0.000000000000000	9.865352890990977	11	0.04	0.0032	0.0	56
376	0.0036111708	0.000000000000000	9.865352890990977	11	0.0398936170212766	0.0032	0.0	56
377	0.0036111708	0.000000000000000	9.865352890990977	11	0.03978779840848806	0.0032	0.0	56
378	0.0036111708	0.000000000000000	9.865352890990977	11	0.03968253968253968	0.0032	0.0	56
379	0.0036111708	0.000000000000000	9.865352890990977	11	0.0395778364116095	0.0032	0.0	56
380	0.0036111708	0.000000000000000	9.865352890990977	11	0.039473684210526314	0.0032	0.0	56
381	0.0036111708	0.000000000000000	9.865352890990977	11	0.03937007874015748	0.0032	0.0	56
382	0.0036111708	0.000000000000000	9.865352890990977	11	0.03926701570680628	0.0032	0.0	56
383	0.0036111708	0.000000000000000	9.865352890990977	11	0.0391644908616188	0.0032	0.0	56
384	0.0036111708	0.000000000000000	9.865352890990977	11	0.0390625	0.0032	0.0	56
385	0.0036111708	0.000000000000000	9.865352890990977	11	0.03896103896103896	0.0032	0.0	56
386	0.0036111708	0.000000000000000	9.865352890990977	11	0.038860103626943004	0.0032	0.0	56
387	0.0036111708	0.000000000000000	9.865352890990977	11	0.03875968992248062	0.0032	0.0	56
388	0.0036111708	0.000000000000000	9.865352890990977	11	0.03865979381443299	0.0032	0.0	56
389	0.0036111708	0.000000000000000	9.865352890990977	11	0.038560411311053984	0.0032	0.0	56
390	0.0036111708	0.000000000000000	9.865352890990977	11	0.038461538461538464	0.0032	0.0	56
391	0.0036111708	0.000000000000000	9.865352890990977	11	0.03836317135549872	0.0032	0.0	56
392	0.0036111708	0.000000000000000	9.865352890990977	11	0.03826530612244898	0.0032	0.0	56
393	0.0036111708	0.000000000000000	9.865352890990977	11	0.03816793893129771	0.0032	0.0	56
394	0.0036111708	0.000000000000000	9.865352890990977	11	0.03807106598984772	0.0032	0.0	56
395	0.0036111708	0.000000000000000	9.865352890990977	11	0.0379746835443038	0.0032	0.0	56
396	0.0072715849	0.000000000000000	9.868001561269235	11	0.04040404040404041	0.0032	0.0	56
397	0.0072715849	0.000000000000000	9.868001561269235	11	0.04030226700251889	0.0032	0.0	56
398	0.0072715849	0.000000000000000	9.868001561269235	11	0.04020100502512563	0.0032	0.0	56
399	0.0072715849	0.000000000000000	9.868001561269235	11	0.040100250626566414	0.0032	0.0	56
400	0.0072715849	0.000000000000000	9.868001561269235	11	0.04	0.0032	0.0	56
401	0.0072715849	0.000000000000000	9.868001561269235	11	0.0399002493765586	0.0032	0.0	56
402	0.0072715849	0.000000000000000	9.868001561269235	11	0.03980099502487562	0.0032	0.0	56
403	0.0072715849	0.000000000000000	9.868001561269235	11	0.03970223325062035	0.0032	0.0	56
404	0.0072715849	0.000000000000000	9.868001561269235	11	0.039603960396039604	0.0032	0.0	56
405	0.0072715849	0.000000000000000	9.868001561269235	11	0.03950617283950617	0.0032	0.0	56
406	0.0072715849	0.000000000000000	9.868001561269235	11	0.03940886699507389	0.0032	0.0	56
407	0.0072715849	0.000000000000000	9.868001561269235	11	0.03931203931203931	0.0032	0.0	56
408	0.0072715849	0.000000000000000	9.868001561269235	11	0.0392156862745098	0.0032	0.0	56
409	0.0072715849	0.000000000000000	9.868001561269235	11	0.039119804400977995	0.0032	0.0	56
410	0.0072715849	0.000000000000000	9.868001561269235	11	0.03902439024390244	0.0032	0.0	56
411	0.0072715849	0.000000000000000	9.868001561269235	11	0.038929440389294405	0.0032	0.0	56
412	0.0072715849	0.000000000000000	9.868001561269235	11	0.038834951456310676	0.0032	0.0	56
413	0.0072715849	0.000000000000000	9.868001561269235	11	0.0387409200968523	0.0032	0.0	56
414	0.0072715849	0.000000000000000	9.868001561269235	11	0.03864734299516908	0.0032	0.0	56
415	0.0072715849	0.000000000000000	9.868001561269235	11	0.03855421686746988	0.0032	0.0	56
416	0.0072715849	0.000000000000000	9.868001561269235	11	0.038461538461538464	0.0032	0.0	56
417	0.0072715849	0.000000000000000	9.868001561269235	11	0.03836930455635491	0.0032	0.0	56
418	0.0072715849	0.000000000000000	9.868001561269235	11	0.03827751196172249	0.0032	0.0	56
419	0.0108335125	0.000000000000000	10.85940495692795	12	0.0405727923627685	0.0032	0.0	56
420	0.0108335125	0.000000000000000	10.85940495692795	12	0.04047619047619048	0.0032	0.0	56
421	0.0108335125	0.000000000000000	10.85940495692795	12	0.040380047505938245	0.0032	0.0	56
422	0.0108335125	0.000000000000000	10.85940495692795	12	0.04028436018957346	0.0032	0.0	56
423	0.0108335125	0.000000000000000	10.85940495692795	12	0.04018912529550828	0.0032	0.0	56
424	0.0108335125	0.000000000000000	10.85940495692795	12	0.04009433962264151	0.0032	0.0	56
425	0.0108335125	0.000000000000000	10.85940495692795	12	0.04	0.0032	0.0	56
426	0.0108335125	0.000000000000000	10.85940495692795	12	0.03990610328638498	0.0032	0.0	56
427	0.0108335125	0.000000000000000	10.85940495692795	12	0.03981264637002342	0.0032	0.0	56
428	0.0108335125	0.000000000000000	10.85940495692795	12	0.0397196261682243	0.0032	0.0	56
429	0.0108335125	0.000000000000000	10.85940495692795	12	0.039627039627039624	0.0032	0.0	56
430	0.0108335125	0.000000000000000	10.85940495692795	12	0.03953488372093023	0.0032	0.0	56
431	0.0108335125	0.000000000000000	10.85940495692795	12	0.03944315545243619	0.0032	0.0	56
432	0.0144773636	0.000000000000000	11.230323444125506	12	0.041666666666666664	0.0032	0.0	56
433	0.0144773636	0.000000000000000	11.230323444125506	12	0.04157043879907621	0.0032	0.0	56
434	0.0144773636	0.000000000000000	11.230323444125506	12	0.041474654377880185	0.0032	0.0	56
435	0.0144773636	0.000000000000000	11.230323444125506	12	0.041379310344827586	0.0032	0.0	56
436	0.0144773636	0.000000000000000	11.230323444125506	12	0.04128440366972477	0.0032	0.0	56
437	0.0144773636	0.000000000000000	11.230323444125506	12	0.041189931350114416	0.0032	0.0	56
438	0.0144773636	0.000000000000000	11.230323444125506	12	0.0410958904109589	0.0032	0.0	56
439	0.0144773636	0.000000000000000	11.230323444125506	12	0.04100227790432802	0.0032	0.0	56
440	0.0144773636	0.000000000000000	11.230323444125506	12	0.04090909090909091	0.0032	0.0	56
441	0.0180558542	0.000000000000000	12.135707132353708	13	0.04308390022675737	0.0032	0.0	56
442	0.0180558542	0.000000000000000	12.135707132353708	13	0.042986425339366516	0.0032	0.0	56
443	0.0180558542	0.000000000000000	12.135707132353708	13	0.04288939051918736	0.0032	0.0	56
444	0.0180558542	0.000000000000000	12.135707132353708	13	0.04279279279279279	0.0032	0.0	56
445	0.0180558542	0.000000000000000	12.135707132353708	13	0.04269662921348315	0.0032	0.0	56
446	0.0180558542	0.000000000000000	12.135707132353708	13	0.042600896860986545	0.0032	0.0	56
447	0.0180558542	0.000000000000000	12.135707132353708	13	0.042505592841163314	0.0032	0.0	56
448	0.0180558542	0.000000000000000	12.135707132353708	13	0.04241071428571429	0.0032	0.0	56
449	0.0180558542	0.000000000000000	12.135707132353708	13	0.042316258351893093	0.0032	0.0	56
450	0.0180558542	0.000000000000000	12.135707132353708	13	0.042222222222222223	0.0032	0.0	56
451	0.0180558542	0.000000000000000	12.135707132353708	13	0.04212860310421286	0.0032	0.0	56
452	0.0180558542	0.000000000000000	12.135707132353708	13	0.0420353982300885	0.0032	0.0	56
453	0.0181377402	0.000000000000000	12.148266226718835	13	0.04415011037527594	0.0032	0.0	56
454	0.0181377402	0.000000000000000	12.148266226718835	13	0.04405286343612335	0.0032	0.0	56
455	0.0181377402	0.000000000000000	12.148266226718835	13	0.04395604395604396	0.0032	0.0	56
456	0.0181377402	0.000000000000000	12.148266226718835	13	0.043859649122807015	0.0032	0.0	56
457	0.0181377402	0.000000000000000	12.148266226718835	13	0.0437636761487965	0.0032	0.0	56
458	0.0181377402	0.000000000000000	12.148266226718835	13	0.043668122270742356	0.0032	0.0	56
459	0.0181377402	0.000000000000000	12.148266226718835	13	0.04357298474945534	0.0032	0.0	56
460	0.0181377402	0.000000000000000	12.148266226718835	13	0.043478260869565216	0.0032	0.0	56
461	0.0181377402	0.000000000000000	12.148266226718835	13	0.04338394793926247	0.0032	0.0	56
462	0.0181377402	0.000000000000000	12.148266226718835	13	0.04329004329004329	0.0032	0.0	56
463	0.0181377402	0.000000000000000	12.148266226718835	13	0.04319654427645788	0.0032	0.0	56
464	0.0181377402	0.000000000000000	12.148266226718835	13	0.04310344827586207	0.0032	0.0	56
465	0.0181377402	0.000000000000000	12.148266226718835	13	0.043010752688172046	0.0032	0.0	56
466	0.0181377402	0.000000000000000	12.148266226718835	13	0.04291845493562232	0.0032	0.0	56
467	0.0181377402	0.000000000000000	12.148266226718835	13	0.042826552462526764	0.0032	0.0	56
468	0.0181377402	0.000000000000000	12.148266226718835	13	0.042735042735042736	0.0032	0.0	56
469	0.0181377402	0.000000000000000	12.148266226718835	13	0.042643923240938165	0.0032	0.0	56
470	0.0181377402	0.000000000000000	12.148266226718835	13	0.0425531914893617	0.0032	0.0	56
471	0.0181377402	0.000000000000000	12.148266226718835	13	0.04246284501061571	0.0032	0.0	56
472	0.0181377402	0.000000000000000	12.148266226718835	13	0.0423728813559322	0.0032	0.0	56
473	0.0181377402	0.000000000000000	12.148266226718835	13	0.042283298097251586	0.0032	0.0	56
474	0.0181377402	0.000000000000000	12.148266226718835	13	0.04219409282700422	0.0032	0.0	56
475	0.0181377402	0.000000000000000	12.148266226718835	13	0.042105263157894736	0.0032	0.0	56
476	0.0181377402	0.000000000000000	12.148266226718835	13	0.04201680672268908	0.0032	0.0	56
477	0.0181377402	0.000000000000000	12.148266226718835	13	0.041928721174004195	0.0032	0.0	56
478	0.0181377402	0.000000000000000	12.148266226718835	13	0.04184100418410042	0.0032	0.0	56
479	0.0181377402	0.000000000000000	12.148266226718835	13	0.04175365344467641	0.0032	0.0	56
480	0.0181377402	0.000000000000000	12.148266226718835	13	0.041666666666666664	0.0032	0.0	56
481	0.0181377402	0.000000000000000	12.148266226718835	13	0.04158004158004158	0.0032	0.0	56
482	0.0181377402	0.000000000000000	12.148266226718835	13	0.04149377593360996	0.0032	0.0	56
483	0.0181377402	0.000000000000000	12.148266226718835	13	0.041407867494824016	0.0032	0.0	56
484	0.0144773636	0.000000000000000	12.75338837013885	14	0.04338842975206612	0.0032	0.0	56
485	0.0144773636	0.000000000000000	12.75338837013885	14	0.04329896907216495	0.0032	0.0	56
486	0.0144773636	0.000000000000000	12.75338837013885	14	0.043209876543209874	0.0032	0.0	56
487	0.0144773636	0.000000000000000	12.75338837013885	14	0.043121149897330596	0.0032	0.0	56
488	0.0144773636	0.000000000000000	12.75338837013885	14	0.0430327868852459	0.0032	0.0	56
489	0.0144773636	0.000000000000000	12.75338837013885	14	0.04294478527607362	0.0032	0.0	56
490	0.0144773636	0.000000000000000	12.75338837013885	14	0.04285714285714286	0.0032	0.0	56
491	0.0144773636	0.000000000000000	12.75338837013885	14	0.04276985743380855	0.0032	0.0	56
492	0.0144773636	0.000000000000000	12.75338837013885	14	0.042682926829268296	0.0032	0.0	56
493	0.0144773636	0.000000000000000	12.75338837013885	14	0.04259634888438134	0.0032	0.0	56
494	0.0144773636	0.000000000000000	12.75338837013885	14	0.04251012145748988	0.0032	0.0	56
495	0.0144773636	0.000000000000000	12.75338837013885	14	0.04242424242424243	0.0032	0.0	56
496	0.0144773636	0.000000000000000	12.75338837013885	14	0.04233870967741935	0.0032	0.0	56
497	0.0144773636	0.000000000000000	12.75338837013885	14	0.04225352112676056	0.0032	0.0	56
498	0.0144773636	0.000000000000000	12.75338837013885	14	0.04216867469879518	0.0032	0.0	56
499	0.0144773636	0.000000000000000	12.75338837013885	14	0.04208416833667335	0.0032	0.0	56
500	0.0144773636	0.000000000000000	12.75338837013885	14	0.042	0.0032	0.0	56
501	0.0144773636	0.000000000000000	12.75338837013885	14	0.041916167664670656	0.0032	0.0	56
502	0.0144773636	0.000000000000000	12.75338837013885	14	0.04183266932270916	0.0032	0.0	56
503	0.0144773636	0.000000000000000	12.75338837013885	14	0.041749502982107355	0.0032	0.0	56
504	0.0144773636	0.000000000000000	12.75338837013885	14	0.041666666666666664	0.0032	0.0	56
505	0.0144773636	0.000000000000000	12.75338837013885	14	0.041584158415841586	0.0032	0.0	56
506	0.0144773636	0.000000000000000	12.75338837013885	14	0.041501976284584984	0.0032	0.0	56
507	0.0144773636	0.000000000000000	12.75338837013885	14	0.04142011834319527	0.0032	0.0	56
508	0.0144773636	0.000000000000000	12.75338837013885	14	0.04133858267716536	0.0032	0.0	56
509	0.0144773636	0.000000000000000	12.75338837013885	14	0.0412573673870334	0.0032	0.0	56
510	0.0144773636	0.000000000000000	12.75338837013885	14	0.041176470588235294	0.0032	0.0	56
511	0.0144773636	0.000000000000000	12.75338837013885	14	0.0410958904109589	0.0032	0.0	56
512	0.0144773636	0.000000000000000	12.75338837013885	14	0.041015625	0.0032	0.0	56
513	0.0144773636	0.000000000000000	12.75338837013885	14	0.04093567251461988	0.0032	0.0	56
514	0.0144773636	0.000000000000000	12.75338837013885	14	0.04085603112840467	0.0032	0.0	56
515	0.0144773636	0.000000000000000	12.75338837013885	14	0.040776699029126215	0.0032	0.0	56
516	0.0144773636	0.000000000000000	12.75338837013885	14	0.040697674418604654	0.0032	0.0	56
517	0.0144773636	0.000000000000000	12.75338837013885	14	0.04061895551257253	0.0032	0.0	56
518	0.0144773636	0.000000000000000	12.75338837013885	14	0.04054054054054054	0.0032	0.0	56
519	0.0144773636	0.000000000000000	12.75338837013885	14	0.04046242774566474	0.0032	0.0	56
520	0.0144773636	0.000000000000000	12.75338837013885	14	0.04038461538461539	0.0032	0.0	56
521	0.0144773636	0.000000000000000	12.75338837013885	14	0.04030710172744722	0.0032	0.0	56
522	0.0144773636	0.000000000000000	12.75338837013885	14	0.040229885057471264	0.0032	0.0	56
523	0.0144773636	0.000000000000000	12.75338837013885	14	0.040152963671128104	0.0032	0.0	56
524	0.0144773636	0.000000000000000	12.75338837013885	14	0.04007633587786259	0.0032	0.0	56
525	0.0144773636	0.000000000000000	12.75338837013885	14	0.04	0.0032	0.0	56
526	0.0144773636	0.000000000000000	12.75338837013885	14	0.039923954372623575	0.0032	0.0	56
527	0.0144773636	0.000000000000000	12.75338837013885	14	0.03984819734345351	0.0032	0.0	56
528	0.0144773636	0.000000000000000	12.75338837013885	14	0.03977272727272727	0.0032	0.0	56
529	0.0144773636	0.000000000000000	12.75338837013885	14	0.03969754253308128	0.0032	0.0	56
530	0.0144773636	0.000000000000000	12.75338837013885	14	0.03962264150943396	0.0032	0.0	56
531	0.0144773636	0.000000000000000	12.75338837013885	14	0.03954802259887006	0.0032	0.0	56
532	0.0181377402	0.000000000000000	13.148266226718835	14	0.041353383458646614	0.0032	0.0	56
533	0.0181377402	0.000000000000000	13.148266226718835	14	0.04127579737335835	0.0032	0.0	56
534	0.0181377402	0.000000000000000	13.090248842833592	14	0.04307116104868914	0.0032	0.0	56
535	0.0181377402	0.000000000000000	13.090248842833592	14	0.04299065420560748	0.0032	0.0	56
536	0.0181377402	0.000000000000000	13.090248842833592	14	0.04291044776119403	0.0032	0.0	56
537	0.0181377402	0.000000000000000	13.097331549600508	14	0.0446927374301676	0.0032	0.0	56
538	0.0181377402	0.000000000000000	13.097331549600508	14	0.04460966542750929	0.0032	0.0	56
539	0.0181377402	0.000000000000000	13.097331549600508	14	0.04452690166975881	0.0032	0.0	56
540	0.0181377402	0.000000000000000	13.097331549600508	14	0.044444444444444446	0.0032	0.0	56
541	0.0181377402	0.000000000000000	13.097331549600508	14	0.04436229205175601	0.0032	0.0	56
542	0.0181377402	0.000000000000000	13.097331549600508	14	0.04428044280442804	0.0032	0.0	56
543	0.0181377402	0.000000000000000	13.097331549600508	14	0.04419889502762431	0.0032	0.0	56
544	0.0181377402	0.000000000000000	13.097331549600508	14	0.04411764705882353	0.0032	0.0	56
545	0.0181377402	0.000000000000000	13.097331549600508	14	0.044036697247706424	0.0032	0.0	56
546	0.0181377402	0.000000000000000	13.097331549600508	14	0.04395604395604396	0.0032	0.0	56
547	0.0181377402	0.000000000000000	13.097331549600508	14	0.043875685557586835	0.0032	0.0	56
548	0.0181377402	0.000000000000000	13.097331549600508	14	0.043795620437956206	0.0032	0.0	56
549	0.0181377402	0.000000000000000	13.097331549600508	14	0.04371584699453552	0.0032	0.0	56
550	0.0181377402	0.000000000000000	13.097331549600508	14	0.04363636363636364	0.0032	0.0	56
551	0.0181377402	0.000000000000000	13.097331549600508	14	0.043557168784029036	0.0032	0.0	56
552	0.0181377402	0.000000000000000	13.097331549600508	14	0.043478260869565216	0.0032	0.0	56
553	0.0181377402	0.000000000000000	13.097331549600508	14	0.0433996383363472	0.0032	0.0	56
554	0.0181377402	0.000000000000000	13.097331549600508	14	0.04332129963898917	0.0032	0.0	56
555	0.0181377402	0.000000000000000	13.097331549600508	14	0.043243243243243246	0.0032	0.0	56
556	0.0181377402	0.000000000000000	13.097331549600508	14	0.04316546762589928	0.0032	0.0	56
557	0.0181377402	0.000000000000000	13.097331549600508	14	0.04308797127468582	0.0032	0.0	56
558	0.0181377402	0.000000000000000	13.097331549600508	14	0.043010752688172046	0.0032	0.0	56
559	0.0181377402	0.000000000000000	13.097331549600508	14	0.04293381037567084	0.0032	0.0	56
560	0.0181377402	0.000000000000000	13.097331549600508	14	0.04285714285714286	0.0032	0.0	56
561	0.0181377402	0.000000000000000	13.097331549600508	14	0.0427807486631016	0.0032	0.0	56
562	0.0181377402	0.000000000000000	13.097331549600508	14	0.042704626334519574	0.0032	0.0	56
563	0.0181377402	0.000000000000000	13.097331549600508	14	0.04262877442273535	0.0032	0.0	56
564	0.0181377402	0.000000000000000	13.097331549600508	14	0.0425531914893617	0.0032	0.0	56
565	0.0181377402	0.000000000000000	13.097331549600508	14	0.04247787610619469	0.0032	0.0	56
566	0.0181377402	0.000000000000000	13.097331549600508	14	0.04240282685512368	0.0032	0.0	56
567	0.0181377402	0.000000000000000	13.253082584491104	14	0.04409171075837742	0.0032	0.0	56
568	0.0181377402	0.000000000000000	13.253082584491104	14	0.04401408450704225	0.0032	0.0	56
569	0.0181377402	0.000000000000000	13.253082584491104	14	0.043936731107205626	0.0032	0.0	56
570	0.0181377402	0.000000000000000	13.253082584491104	14	0.043859649122807015	0.0032	0.0	56
571	0.0181377402	0.000000000000000	13.253082584491104	14	0.043782837127845885	0.0032	0.0	56
572	0.0181377402	0.000000000000000	13.253082584491104	14	0.043706293706293704	0.0032	0.0	56
573	0.0181377402	0.000000000000000	13.273759276220428	14	0.04537521815008726	0.0032	0.0	56
574	0.0181377402	0.000000000000000	13.273759276220428	14	0.04529616724738676	0.0032	0.0	56
575	0.0181377402	0.000000000000000	13.273759276220428	14	0.04521739130434783	0.0032	0.0	56
576	0.0181377402	0.000000000000000	13.273759276220428	14	0.04513888888888889	0.0032	0.0	56
577	0.0181377402	0.000000000000000	13.273759276220428	14	0.045060658578856154	0.0032	0.0	56
578	0.0181377402	0.000000000000000	13.273759276220428	14	0.04498269896193772	0.0032	0.0	56
579	0.0181377402	0.000000000000000	13.273759276220428	14	0.044905008635578586	0.0032	0.0	56
580	0.0181377402	0.000000000000000	13.273759276220428	14	0.04482758620689655	0.0032	0.0	56
581	0.0181377402	0.000000000000000	13.273759276220428	14	0.04475043029259897	0.0032	0.0	56
582	0.0181377402	0.000000000000000	13.273759276220428	14	0.044673539518900345	0.0032	0.0	56
583	0.0181377402	0.000000000000000	13.273759276220428	14	0.044596912521440824	0.0032	0.0	56
584	0.0181377402	0.000000000000000	13.273759276220428	14	0.04452054794520548	0.0032	0.0	56
585	0.0181377402	0.000000000000000	13.273759276220428	14	0.044444444444444446	0.0032	0.0	56
586	0.0217160455	0.000000000000000	14.258371970747444	15	0.04607508532423208	0.0032	0.0	56
587	0.0217160455	0.000000000000000	14.258371970747444	15	0.04599659284497445	0.0032	0.0	56
588	0.0217160455	0.000000000000000	14.258371970747444	15	0.04591836734693878	0.0032	0.0	56
589	0.0217160455	0.000000000000000	14.258371970747444	15	0.04584040747028863	0.0032	0.0	56
590	0.0217160455	0.000000000000000	14.258371970747444	15	0.04576271186440678	0.0032	0.0	56
591	0.0217160455	0.000000000000000	14.258371970747444	15	0.04568527918781726	0.0032	0.0	56
592	0.0289547273	0.000000000000000	15.01333380280851	16	0.0472972972972973	0.0032	0.0	56
593	0.0289547273	0.000000000000000	15.01333380280851	16	0.047217537942664416	0.0032	0.0	56
594	0.0289547273	0.000000000000000	15.01333380280851	16	0.04713804713804714	0.0032	0.0	56
595	0.0289547273	0.000000000000000	15.01333380280851	16	0.047058823529411764	0.0032	0.0	56
596	0.0289547273	0.000000000000000	15.01333380280851	16	0.04697986577181208	0.0032	0.0	56
597	0.0251645860	0.000000000000000	14.98830360353033	16	0.048576214405360134	0.0032	0.0	56
598	0.0251645860	0.000000000000000	15.971952593429322	17	0.05016722408026756	0.0032	0.0	56
599	0.0251645860	0.000000000000000	15.971952593429322	17	0.05008347245409015	0.0032	0.0	56
600	0.0251645860	0.000000000000000	15.971952593429322	17	0.05	0.0032	0.0	56
601	0.0216182254	0.000000000000000	16.93150489839386	18	0.051580698835274545	0.0032	0.0	56
602	0.0216182254	0.000000000000000	16.93150489839386	18	0.05149501661129568	0.0032	0.0	56
603	0.0216182254	0.000000000000000	16.93150489839386	18	0.05140961857379768	0.0032	0.0	56
604	0.0216182254	0.000000000000000	16.93150489839386	18	0.05132450331125828	0.0032	0.0	56
605	0.0216182254	0.000000000000000	16.93150489839386	18	0.0512396694214876	0.0032	0.0	56
606	0.0216182254	0.000000000000000	16.93150489839386	18	0.05115511551155116	0.0032	0.0	56
607	0.0216182254	0.000000000000000	16.93150489839386	18	0.051070840197693576	0.0032	0.0	56
608	0.0216182254	0.000000000000000	16.93150489839386	18	0.05098684210526316	0.0032	0.0	56
609	0.0216182254	0.000000000000000	16.93150489839386	18	0.05090311986863711	0.0032	0.0	56
610	0.0216182254	0.000000000000000	16.93150489839386	18	0.05081967213114754	0.0032	0.0	56
611	0.0216182254	0.000000000000000	16.93150489839386	18	0.05073649754500818	0.0032	0.0	56
612	0.0216182254	0.000000000000000	16.93150489839386	18	0.05065359477124183	0.0032	0.0	56
613	0.0216182254	0.000000000000000	16.93150489839386	18	0.05057096247960848	0.0032	0.0	56
614	0.0216182254	0.000000000000000	16.93150489839386	18	0.050488599348534204	0.0032	0.0	56
615	0.0216182254	0.000000000000000	16.93150489839386	18	0.05040650406504065	0.0032	0.0	56
616	0.0216182254	0.000000000000000	16.93150489839386	18	0.05032467532467533	0.0032	0.0	56
617	0.0216182254	0.000000000000000	16.93150489839386	18	0.050243111831442464	0.0032	0.0	56
618	0.0216182254	0.000000000000000	16.93150489839386	18	0.05016181229773463	0.0032	0.0	56
619	0.0216182254	0.000000000000000	16.93150489839386	18	0.050080775444264945	0.0032	0.0	56
620	0.0252781959	0.000000000000000	16.951235260373668	18	0.05161290322580645	0.0032	0.0	56
621	0.0252781959	0.000000000000000	16.951235260373668	18	0.05152979066022544	0.0032	0.0	56
622	0.0217160455	0.000000000000000	16.923870273059425	18	0.05305466237942122	0.0032	0.0	56
623	0.0217160455	0.000000000000000	16.923870273059425	18	0.052969502407704656	0.0032	0.0	56
624	0.0217160455	0.000000000000000	16.923870273059425	18	0.052884615384615384	0.0032	0.0	56
625	0.0217160455	0.000000000000000	16.923870273059425	18	0.0528	0.0032	0.0	56
626	0.0217160455	0.000000000000000	16.923870273059425	18	0.052715654952076675	0.0032	0.0	56
627	0.0217160455	0.000000000000000	16.923870273059425	18	0.05263157894736842	0.0032	0.0	56
628	0.0217160455	0.000000000000000	16.923870273059425	18	0.052547770700636945	0.0032	0.0	56
629	0.0217160455	0.000000000000000	16.923870273059425	18	0.05246422893481717	0.0032	0.0	56
630	0.0217160455	0.000000000000000	16.923870273059425	18	0.05238095238095238	0.0032	0.0	56
631	0.0217160455	0.000000000000000	16.923870273059425	18	0.05229793977812995	0.0032	0.0	56
632	0.0217160455	0.000000000000000	16.923870273059425	18	0.05221518987341772	0.0032	0.0	56
633	0.0217160455	0.000000000000000	16.923870273059425	18	0.052132701421800945	0.0032	0.0	56
634	0.0217160455	0.000000000000000	16.923870273059425	18	0.052050473186119876	0.0032	0.0	56
635	0.0217160455	0.000000000000000	16.923870273059425	18	0.05196850393700787	0.0032	0.0	56
636	0.0217160455	0.000000000000000	16.923870273059425	18	0.05188679245283019	0.0032	0.0	56
637	0.0216182254	0.000000000000000	16.92330453024494	18	0.05337519623233909	0.0032	0.0	56
638	0.0216182254	0.000000000000000	16.92330453024494	18	0.05329153605015674	0.0032	0.0	56
639	0.0180558542	0.000000000000000	17.067190995855917	18	0.054773082942097026	0.0032	0.0	56
640	0.0180558542	0.000000000000000	17.067190995855917	18	0.0546875	0.0032	0.0	56
641	0.0180558542	0.000000000000000	17.067190995855917	18	0.054602184087363496	0.0032	0.0	56
642	0.0180558542	0.000000000000000	17.067190995855917	18	0.05451713395638629	0.0032	0.0	56
643	0.0180558542	0.000000000000000	17.067190995855917	18	0.05443234836702955	0.0032	0.0	56
644	0.0180558542	0.000000000000000	17.09957360089865	18	0.055900621118012424	0.0032	0.0	56
645	0.0180558542	0.000000000000000	17.09957360089865	18	0.05581395348837209	0.0032	0.0	56
646	0.0180558542	0.000000000000000	17.09957360089865	18	0.05572755417956656	0.0032	0.0	56
647	0.0180558542	0.000000000000000	18.04733188549904	19	0.0571870170015456	0.0032	0.0	56
648	0.0180558542	0.000000000000000	18.04733188549904	19	0.05709876543209876	0.0032	0.0	56
649	0.0144773636	0.000000000000000	18.058560163048707	19	0.05855161787365177	0.0032	0.0	56
650	0.0144773636	0.000000000000000	18.058560163048707	19	0.05846153846153846	0.0032	0.0	56
651	0.0144773636	0.000000000000000	18.058560163048707	19	0.05837173579109063	0.0032	0.0	56
652	0.0144773636	0.000000000000000	18.058560163048707	19	0.05828220858895705	0.0032	0.0	56
653	0.0144773636	0.000000000000000	18.058560163048707	19	0.05819295558958652	0.0032	0.0	56
654	0.0144121503	0.000000000000000	18.058560163048707	19	0.05963302752293578	0.0032	0.0	56
655	0.0144121503	0.000000000000000	18.058560163048707	19	0.059541984732824425	0.0032	0.0	56
656	0.0144121503	0.000000000000000	18.058560163048707	19	0.05945121951219512	0.0032	0.0	56
657	0.0144121503	0.000000000000000	18.058560163048707	19	0.0593607305936073	0.0032	0.0	56
658	0.0108335125	0.000000000000000	18.04686068534682	19	0.060790273556231005	0.0032	0.0	56
659	0.0108335125	0.000000000000000	18.04686068534682	19	0.06069802731411229	0.0032	0.0	56
660	0.0108335125	0.000000000000000	18.04686068534682	19	0.06060606060606061	0.0032	0.0	56
661	0.0108335125	0.000000000000000	18.04686068534682	19	0.060514372163388806	0.0032	0.0	56
662	0.0108335125	0.000000000000000	18.04686068534682	19	0.06042296072507553	0.0032	0.0	56
663	0.0108335125	0.000000000000000	18.04686068534682	19	0.06033182503770739	0.0032	0.0	56
664	0.0108335125	0.000000000000000	18.04686068534682	19	0.060240963855421686	0.0032	0.0	56
665	0.0108335125	0.000000000000000	18.04686068534682	19	0.06015037593984962	0.0032	0.0	56
666	0.0108335125	0.000000000000000	18.04686068534682	19	0.06006006006006006	0.0032	0.0	56
667	0.0108335125	0.000000000000000	18.04686068534682	19	0.05997001499250375	0.0032	0.0	56
668	0.0108335125	0.000000000000000	18.04686068534682	19	0.059880239520958084	0.0032	0.0	56
669	0.0108335125	0.000000000000000	18.04686068534682	19	0.059790732436472344	0.0032	0.0	56
670	0.0108335125	0.000000000000000	18.04686068534682	19	0.05970149253731343	0.0032	0.0	56
671	0.0108335125	0.000000000000000	18.04686068534682	19	0.05961251862891207	0.0032	0.0	56
672	0.0108335125	0.000000000000000	18.04686068534682	19	0.05952380952380952	0.0032	0.0	56
673	0.0108335125	0.000000000000000	18.04686068534682	19	0.05943536404160475	0.0032	0.0	56
674	0.0108335125	0.000000000000000	18.04686068534682	19	0.05934718100890208	0.0032	0.0	56
675	0.0108335125	0.000000000000000	18.04686068534682	19	0.05925925925925926	0.0032	0.0	56
676	0.0108335125	0.000000000000000	18.04686068534682	19	0.05917159763313609	0.0032	0.0	56
677	0.0108335125	0.000000000000000	18.04686068534682	19	0.059084194977843424	0.0032	0.0	56
678	0.0108335125	0.000000000000000	18.04686068534682	19	0.058997050147492625	0.0032	0.0	56
679	0.0108335125	0.000000000000000	18.04686068534682	19	0.05891016200294551	0.0032	0.0	56
680	0.0108335125	0.000000000000000	18.04686068534682	19	0.058823529411764705	0.0032	0.0	56
681	0.0108335125	0.000000000000000	18.04686068534682	19	0.05873715124816446	0.0032	0.0	56
682	0.0108335125	0.000000000000000	18.04686068534682	19	0.05865102639296188	0.0032	0.0	56
683	0.0108335125	0.000000000000000	18.04686068534682	19	0.05856515373352855	0.0032	0.0	56
684	0.0108335125	0.000000000000000	18.04686068534682	19	0.05847953216374269	0.0032	0.0	56
685	0.0108335125	0.000000000000000	18.04686068534682	19	0.058394160583941604	0.0032	0.0	56
686	0.0108335125	0.000000000000000	18.04686068534682	19	0.05830903790087463	0.0032	0.0	56
687	0.0108335125	0.000000000000000	18.04686068534682	19	0.05822416302765648	0.0032	0.0	56
688	0.0108335125	0.000000000000000	18.04686068534682	19	0.05813953488372093	0.0032	0.0	56
689	0.0108335125	0.000000000000000	18.04686068534682	19	0.05805515239477504	0.0032	0.0	56
690	0.0180558542	0.000000000000000	17.946303737421452	19	0.059420289855072465	0.0032	0.0	56
691	0.0180558542	0.000000000000000	17.946303737421452	19	0.059334298118668596	0.0032	0.0	56
692	0.0180558542	0.000000000000000	17.946303737421452	19	0.059248554913294796	0.0032	0.0	56
693	0.0180558542	0.000000000000000	17.946303737421452	19	0.05916305916305916	0.0032	0.0	56
694	0.0180558542	0.000000000000000	17.946303737421452	19	0.059077809798270896	0.0032	0.0	56
695	0.0180558542	0.000000000000000	17.946303737421452	19	0.058992805755395686	0.0032	0.0	56
696	0.0180558542	0.000000000000000	17.946303737421452	19	0.05890804597701149	0.0032	0.0	56
697	0.0180558542	0.000000000000000	17.946303737421452	19	0.058823529411764705	0.0032	0.0	56
698	0.0180558542	0.000000000000000	17.946303737421452	19	0.05873925501432665	0.0032	0.0	56
699	0.0180558542	0.000000000000000	17.946303737421452	19	0.058655221745350504	0.0032	0.0	56
700	0.0180558542	0.000000000000000	17.946303737421452	19	0.05857142857142857	0.0032	0.0	56
701	0.0180558542	0.000000000000000	17.946303737421452	19	0.05848787446504993	0.0032	0.0	56
702	0.0180558542	0.000000000000000	17.946303737421452	19	0.0584045584045584	0.0032	0.0	56
703	0.0180558542	0.000000000000000	17.946303737421452	19	0.05832147937411095	0.0032	0.0	56
704	0.0180558542	0.000000000000000	17.946303737421452	19	0.05823863636363636	0.0032	0.0	56
705	0.0180558542	0.000000000000000	17.946303737421452	19	0.05815602836879433	0.0032	0.0	56
706	0.0180558542	0.000000000000000	17.946303737421452	19	0.05807365439093484	0.0032	0.0	56
707	0.0180558542	0.000000000000000	17.946303737421452	19	0.05799151343705799	0.0032	0.0	56
708	0.0180558542	0.000000000000000	17.946303737421452	19	0.05790960451977401	0.0032	0.0	56
709	0.0180558542	0.000000000000000	17.946303737421452	19	0.05782792665726375	0.0032	0.0	56
710	0.0180558542	0.000000000000000	17.946303737421452	19	0.057746478873239436	0.0032	0.0	56
711	0.0180558542	0.000000000000000	17.946303737421452	19	0.057665260196905765	0.0032	0.0	56
712	0.0144773636	0.000000000000000	18.876950521254813	20	0.05898876404494382	0.0032	0.0	56
713	0.0144773636	0.000000000000000	18.876950521254813	20	0.05890603085553997	0.0032	0.0	56
714	0.0144773636	0.000000000000000	18.876950521254813	20	0.058823529411764705	0.0032	0.0	56
715	0.0144773636	0.000000000000000	18.876950521254813	20	0.05874125874125874	0.0032	0.0	56
716	0.0144773636	0.000000000000000	18.876950521254813	20	0.05865921787709497	0.0032	0.0	56
717	0.0144773636	0.000000000000000	18.876950521254813	20	0.058577405857740586	0.0032	0.0	56
718	0.0144773636	0.000000000000000	18.876950521254813	20	0.0584958217270195	0.0032	0.0	56
719	0.0144773636	0.000000000000000	18.876950521254813	20	0.0584144645340751	0.0032	0.0	56
720	0.0144773636	0.000000000000000	18.876950521254813	20	0.058333333333333334	0.0032	0.0	56
721	0.0144773636	0.000000000000000	18.876950521254813	20	0.05825242718446602	0.0032	0.0	56
722	0.0144773636	0.000000000000000	18.718944903277286	20	0.05955678670360111	0.0032	0.0	56
723	0.0144773636	0.000000000000000	18.718944903277286	20	0.059474412171507604	0.0032	0.0	56
724	0.0144773636	0.000000000000000	18.718944903277286	20	0.05939226519337017	0.0032	0.0	56
725	0.0144773636	0.000000000000000	18.718944903277286	20	0.05931034482758621	0.0032	0.0	56
726	0.0144773636	0.000000000000000	18.718944903277286	20	0.05922865013774105	0.0032	0.0	56
727	0.0144773636	0.000000000000000	18.718944903277286	20	0.059147180192572216	0.0032	0.0	56
728	0.0144773636	0.000000000000000	18.718944903277286	20	0.059065934065934064	0.0032	0.0	56
729	0.0144773636	0.000000000000000	18.718944903277286	20	0.05898491083676269	0.0032	0.0	56
730	0.0144773636	0.000000000000000	18.718944903277286	20	0.0589041095890411	0.0032	0.0	56
731	0.0144773636	0.000000000000000	18.718944903277286	20	0.058823529411764705	0.0032	0.0	56
732	0.0144773636	0.000000000000000	18.718944903277286	20	0.05874316939890711	0.0032	0.0	56
733	0.0144773636	0.000000000000000	18.718944903277286	20	0.058663028649386086	0.0032	0.0	56
734	0.0144773636	0.000000000000000	18.718944903277286	20	0.05858310626702997	0.0032	0.0	56
735	0.0144773636	0.000000000000000	18.718944903277286	20	0.058503401360544216	0.0032	0.0	56
736	0.0144773636	0.000000000000000	18.718944903277286	20	0.058423913043478264	0.0032	0.0	56
737	0.0144773636	0.000000000000000	18.718944903277286	20	0.05834464043419267	0.0032	0.0	56
738	0.0144773636	0.000000000000000	18.718944903277286	20	0.058265582655826556	0.0032	0.0	56
739	0.0144773636	0.000000000000000	18.718944903277286	20	0.058186738836265225	0.0032	0.0	56
740	0.0144773636	0.000000000000000	18.718944903277286	20	0.05810810810810811	0.0032	0.0	56
741	0.0144773636	0.000000000000000	18.718944903277286	20	0.058029689608636977	0.0032	0.0	56
742	0.0144773636	0.000000000000000	18.718944903277286	20	0.057951482479784364	0.0032	0.0	56
743	0.0144773636	0.000000000000000	18.718944903277286	20	0.05787348586810229	0.0032	0.0	56
744	0.0144773636	0.000000000000000	18.718944903277286	20	0.05779569892473118	0.0032	0.0	56
745	0.0144773636	0.000000000000000	18.718944903277286	20	0.05771812080536913	0.0032	0.0	56
746	0.0144773636	0.000000000000000	18.718944903277286	20	0.057640750670241284	0.0032	0.0	56
747	0.0144773636	0.000000000000000	18.718944903277286	20	0.05756358768406961	0.0032	0.0	56
748	0.0144773636	0.000000000000000	18.718944903277286	20	0.05748663101604278	0.0032	0.0	56
749	0.0144773636	0.000000000000000	18.718944903277286	20	0.05740987983978638	0.0032	0.0	56
750	0.0144773636	0.000000000000000	18.718944903277286	20	0.05733333333333333	0.0032	0.0	56
751	0.0144773636	0.000000000000000	18.718944903277286	20	0.05725699067909454	0.0032	0.0	56
752	0.0144773636	0.000000000000000	18.718944903277286	20	0.057180851063829786	0.0032	0.0	56
753	0.0144773636	0.000000000000000	18.718944903277286	20	0.057104913678618856	0.0032	0.0	56
754	0.0144773636	0.000000000000000	18.718944903277286	20	0.05702917771883289	0.0032	0.0	56
755	0.0144773636	0.000000000000000	18.718944903277286	20	0.05695364238410596	0.0032	0.0	56
756	0.0144773636	0.000000000000000	18.718944903277286	20	0.056878306878306875	0.0032	0.0	56
757	0.0144773636	0.000000000000000	18.718944903277286	20	0.05680317040951123	0.0032	0.0	56
758	0.0144773636	0.000000000000000	18.718944903277286	20	0.05672823218997362	0.0032	0.0	56
759	0.0144773636	0.000000000000000	18.718944903277286	20	0.05665349143610013	0.0032	0.0	56
760	0.0144773636	0.000000000000000	18.718944903277286	20	0.056578947368421055	0.0032	0.0	56
761	0.0144773636	0.000000000000000	18.718944903277286	20	0.056504599211563734	0.0032	0.0	56
762	0.0144773636	0.000000000000000	18.718944903277286	20	0.05643044619422572	0.0032	0.0	56
763	0.0144773636	0.000000000000000	18.718944903277286	20	0.0563564875491481	0.0032	0.0	56
764	0.0144773636	0.000000000000000	18.718944903277286	20	0.056282722513089	0.0032	0.0	56
765	0.0144773636	0.000000000000000	18.718944903277286	20	0.05620915032679739	0.0032	0.0	56
766	0.0144773636	0.000000000000000	18.718944903277286	20	0.05613577023498695	0.0032	0.0	56
767	0.0144773636	0.000000000000000	18.718944903277286	20	0.0560625814863103	0.0032	0.0	56
768	0.0144773636	0.000000000000000	18.718944903277286	20	0.055989583333333336	0.0032	0.0	56
769	0.0145431698	0.000000000000000	17.752571706896752	19	0.05721716514954486	0.0032	0.0	56
770	0.0145431698	0.000000000000000	17.752571706896752	19	0.05714285714285714	0.0032	0.0	56
771	0.0145431698	0.000000000000000	17.752571706896752	19	0.057068741893644616	0.0032	0.0	56
772	0.0145431698	0.000000000000000	17.752571706896752	19	0.05699481865284974	0.0032	0.0	56
773	0.0145431698	0.000000000000000	17.752571706896752	19	0.056921086675291076	0.0032	0.0	56
774	0.0145431698	0.000000000000000	17.752571706896752	19	0.056847545219638244	0.0032	0.0	56
775	0.0145431698	0.000000000000000	17.752571706896752	19	0.0567741935483871	0.0032	0.0	56
776	0.0145431698	0.000000000000000	17.752571706896752	19	0.05670103092783505	0.0032	0.0	56
777	0.0145431698	0.000000000000000	17.752571706896752	19	0.05662805662805663	0.0032	0.0	56
778	0.0145431698	0.000000000000000	17.752571706896752	19	0.056555269922879174	0.0032	0.0	56
779	0.0145431698	0.000000000000000	17.752571706896752	19	0.05648267008985879	0.0032	0.0	56
780	0.0145431698	0.000000000000000	17.752571706896752	19	0.05641025641025641	0.0032	0.0	56
781	0.0145431698	0.000000000000000	17.752571706896752	19	0.056338028169014086	0.0032	0.0	56
782	0.0145431698	0.000000000000000	17.752571706896752	19	0.056265984654731455	0.0032	0.0	56
783	0.0145431698	0.000000000000000	17.752571706896752	19	0.0561941251596424	0.0032	0.0	56
784	0.0145431698	0.000000000000000	17.752571706896752	19	0.05612244897959184	0.0032	0.0	56
785	0.0145431698	0.000000000000000	17.752571706896752	19	0.05605095541401274	0.0032	0.0	56
786	0.0145431698	0.000000000000000	17.752571706896752	19	0.05597964376590331	0.0032	0.0	56
787	0.0145431698	0.000000000000000	17.752571706896752	19	0.05590851334180432	0.0032	0.0	56
788	0.0145431698	0.000000000000000	17.752571706896752	19	0.05583756345177665	0.0032	0.0	56
789	0.0145431698	0.000000000000000	17.752571706896752	19	0.05576679340937896	0.0032	0.0	56
790	0.0145431698	0.000000000000000	17.752571706896752	19	0.05569620253164557	0.0032	0.0	56
791	0.0145431698	0.000000000000000	17.752571706896752	19	0.05562579013906448	0.0032	0.0	56
792	0.0145431698	0.000000000000000	17.752571706896752	19	0.05555555555555555	0.0032	0.0	56
793	0.0145431698	0.000000000000000	17.752571706896752	19	0.05548549810844893	0.0032	0.0	56
794	0.0181377402	0.000000000000000	17.7916066168557	19	0.05667506297229219	0.0032	0.0	56
795	0.0181377402	0.000000000000000	17.7916066168557	19	0.05660377358490566	0.0032	0.0	56
796	0.0181377402	0.000000000000000	17.7916066168557	19	0.056532663316582916	0.0032	0.0	56
797	0.0181377402	0.000000000000000	17.7916066168557	19	0.056461731493099125	0.0032	0.0	56
798	0.0181377402	0.000000000000000	17.7916066168557	19	0.05639097744360902	0.0032	0.0	56
799	0.0181377402	0.000000000000000	17.57688675512446	19	0.057571964956195244	0.0032	0.0	56
800	0.0181377402	0.000000000000000	17.57688675512446	19	0.0575	0.0032	0.0	56
801	0.0181377402	0.000000000000000	17.57688675512446	19	0.05742821473158552	0.0032	0.0	56
802	0.0181377402	0.000000000000000	17.57688675512446	19	0.057356608478802994	0.0032	0.0	56
803	0.0181377402	0.000000000000000	17.57688675512446	19	0.057285180572851806	0.0032	0.0	56
804	0.0181377402	0.000000000000000	17.57688675512446	19	0.05721393034825871	0.0032	0.0	56
805	0.0181377402	0.000000000000000	17.57688675512446	19	0.05714285714285714	0.0032	0.0	56
806	0.0181377402	0.000000000000000	17.592514182246088	19	0.05831265508684864	0.0032	0.0	56
807	0.0181377402	0.000000000000000	17.592514182246088	19	0.058240396530359353	0.0032	0.0	56
808	0.0181377402	0.000000000000000	17.592514182246088	19	0.05816831683168317	0.0032	0.0	56
809	0.0181377402	0.000000000000000	17.592514182246088	19	0.0580964153275649	0.0032	0.0	56
810	0.0181377402	0.000000000000000	17.592514182246088	19	0.05802469135802469	0.0032	0.0	56
811	0.0181377402	0.000000000000000	17.592514182246088	19	0.05795314426633785	0.0032	0.0	56
812	0.0181377402	0.000000000000000	17.592514182246088	19	0.05788177339901478	0.0032	0.0	56
813	0.0181377402	0.000000000000000	17.592514182246088	19	0.05781057810578106	0.0032	0.0	56
814	0.0181377402	0.000000000000000	17.592514182246088	19	0.05773955773955774	0.0032	0.0	56
815	0.0181377402	0.000000000000000	17.592514182246088	19	0.05766871165644172	0.0032	0.0	56
816	0.0180558542	0.000000000000000	18.592514182246088	20	0.058823529411764705	0.0032	0.0	56
817	0.0180558542	0.000000000000000	18.592514182246088	20	0.0587515299877601	0.0032	0.0	56
818	0.0180558542	0.000000000000000	18.592514182246088	20	0.05867970660146699	0.0032	0.0	56
819	0.0180558542	0.000000000000000	18.592514182246088	20	0.05860805860805861	0.0032	0.0	56
820	0.0180558542	0.000000000000000	18.592514182246088	20	0.05853658536585366	0.0032	0.0	56
821	0.0180558542	0.000000000000000	18.592514182246088	20	0.058465286236297195	0.0032	0.0	56
822	0.0180558542	0.000000000000000	18.592514182246088	20	0.058394160583941604	0.0032	0.0	56
823	0.0180558542	0.000000000000000	18.592514182246088	20	0.0583232077764277	0.0032	0.0	56
824	0.0180558542	0.000000000000000	18.592514182246088	20	0.05825242718446602	0.0032	0.0	56
825	0.0180558542	0.000000000000000	18.592514182246088	20	0.05818181818181818	0.0032	0.0	56
826	0.0180558542	0.000000000000000	18.592514182246088	20	0.05811138014527845	0.0032	0.0	56
827	0.0180558542	0.000000000000000	18.592514182246088	20	0.05804111245465538	0.0032	0.0	56
828	0.0180558542	0.000000000000000	18.592514182246088	20	0.057971014492753624	0.0032	0.0	56
829	0.0180558542	0.000000000000000	18.592514182246088	20	0.05790108564535585	0.0032	0.0	56
830	0.0180558542	0.000000000000000	18.592514182246088	20	0.05783132530120482	0.0032	0.0	56
831	0.0180558542	0.000000000000000	18.592514182246088	20	0.05776173285198556	0.0032	0.0	56
832	0.0180558542	0.000000000000000	18.592514182246088	20	0.057692307692307696	0.0032	0.0	56
833	0.0180558542	0.000000000000000	18.592514182246088	20	0.057623049219687875	0.0032	0.0	56
834	0.0180558542	0.000000000000000	18.592514182246088	20	0.05755395683453238	0.0032	0.0	56
835	0.0180558542	0.000000000000000	18.592514182246088	20	0.05748502994011976	0.0032	0.0	56
836	0.0180558542	0.000000000000000	18.592514182246088	20	0.05741626794258373	0.0032	0.0	56
837	0.0180558542	0.000000000000000	18.592514182246088	20	0.05734767025089606	0.0032	0.0	56
838	0.0180558542	0.000000000000000	18.592514182246088	20	0.057279236276849645	0.0032	0.0	56
839	0.0180558542	0.000000000000000	18.592514182246088	20	0.057210965435041714	0.0032	0.0	56
840	0.0180558542	0.000000000000000	18.592514182246088	20	0.05714285714285714	0.0032	0.0	56
841	0.0180558542	0.000000000000000	18.592514182246088	20	0.057074910820451845	0.0032	0.0	56
842	0.0180558542	0.000000000000000	18.592514182246088	20	0.057007125890736345	0.0032	0.0	56
843	0.0180558542	0.000000000000000	18.592514182246088	20	0.05693950177935943	0.0032	0.0	56
844	0.0180558542	0.000000000000000	18.592514182246088	20	0.05687203791469194	0.0032	0.0	56
845	0.0180558542	0.000000000000000	18.592514182246088	20	0.05680473372781065	0.0032	0.0	56
846	0.0180558542	0.000000000000000	18.592514182246088	20	0.05673758865248227	0.0032	0.0	56
847	0.0180558542	0.000000000000000	18.592514182246088	20	0.05667060212514758	0.0032	0.0	56
848	0.0180558542	0.000000000000000	18.592514182246088	20	0.05660377358490566	0.0032	0.0	56
849	0.0180558542	0.000000000000000	18.592514182246088	20	0.05653710247349823	0.0032	0.0	56
850	0.0180558542	0.000000000000000	18.592514182246088	20	0.05647058823529412	0.0032	0.0	56
851	0.0180558542	0.000000000000000	18.592514182246088	20	0.0564042303172738	0.0032	0.0	56
852	0.0180558542	0.000000000000000	18.592514182246088	20	0.056338028169014086	0.0032	0.0	56
853	0.0180558542	0.000000000000000	18.592514182246088	20	0.05627198124267292	0.0032	0.0	56
854	0.0180558542	0.000000000000000	18.592514182246088	20	0.05620608899297424	0.0032	0.0	56
855	0.0180558542	0.000000000000000	18.592514182246088	20	0.056140350877192984	0.0032	0.0	56
856	0.0180558542	0.000000000000000	18.592514182246088	20	0.056074766355140186	0.0032	0.0	56
857	0.0180558542	0.000000000000000	18.592514182246088	20	0.056009334889148193	0.0032	0.0	56
858	0.0180558542	0.000000000000000	18.592514182246088	20	0.055944055944055944	0.0032	0.0	56
859	0.0180558542	0.000000000000000	18.592514182246088	20	0.05587892898719441	0.0032	0.0	56
860	0.0180558542	0.000000000000000	18.592514182246088	20	0.05581395348837209	0.0032	0.0	56
861	0.0180558542	0.000000000000000	18.592514182246088	20	0.05574912891986063	0.0032	0.0	56
862	0.0180558542	0.000000000000000	18.592514182246088	20	0.05568445475638051	0.0032	0.0	56
863	0.0180558542	0.000000000000000	18.592514182246088	20	0.055619930475086905	0.0032	0.0	56
864	0.0180558542	0.000000000000000	18.592514182246088	20	0.05555555555555555	0.0032	0.0	56
865	0.0180558542	0.000000000000000	18.592514182246088	20	0.055491329479768786	0.0032	0.0	56
866	0.0180558542	0.000000000000000	18.592514182246088	20	0.05542725173210162	0.0032	0.0	56
867	0.0180558542	0.000000000000000	18.592514182246088	20	0.05536332179930796	0.0032	0.0	56
868	0.0180558542	0.000000000000000	18.592514182246088	20	0.055299539170506916	0.0032	0.0	56
869	0.0180558542	0.000000000000000	18.592514182246088	20	0.05523590333716916	0.0032	0.0	56
870	0.0180558542	0.000000000000000	18.592514182246088	20	0.05517241379310345	0.0032	0.0	56
871	0.0180558542	0.000000000000000	18.592514182246088	20	0.05510907003444317	0.0032	0.0	56
872	0.0180558542	0.000000000000000	18.592514182246088	20	0.05504587155963303	0.0032	0.0	56
873	0.0180558542	0.000000000000000	18.592514182246088	20	0.054982817869415807	0.0032	0.0	56
874	0.0180558542	0.000000000000000	18.592514182246088	20	0.05491990846681922	0.0032	0.0	56
875	0.0180558542	0.000000000000000	18.592514182246088	20	0.054857142857142854	0.0032	0.0	56
876	0.0180558542	0.000000000000000	18.592514182246088	20	0.0547945205479452	0.0032	0.0	56
877	0.0180558542	0.000000000000000	18.592514182246088	20	0.05473204104903079	0.0032	0.0	56
878	0.0180558542	0.000000000000000	18.592514182246088	20	0.05466970387243736	0.0032	0.0	56
879	0.0180558542	0.000000000000000	18.592514182246088	20	0.05460750853242321	0.0032	0.0	56
880	0.0180558542	0.000000000000000	18.592514182246088	20	0.05454545454545454	0.0032	0.0	56
881	0.0180558542	0.000000000000000	18.592514182246088	20	0.05448354143019296	0.0032	0.0	56
882	0.0180558542	0.000000000000000	18.592514182246088	20	0.05442176870748299	0.0032	0.0	56
883	0.0180558542	0.000000000000000	18.592514182246088	20	0.05436013590033975	0.0032	0.0	56
884	0.0180558542	0.000000000000000	18.592514182246088	20	0.05429864253393665	0.0032	0.0	56
885	0.0180558542	0.000000000000000	18.592514182246088	20	0.05423728813559322	0.0032	0.0	56
886	0.0180558542	0.000000000000000	18.592514182246088	20	0.05417607223476298	0.0032	0.0	56
887	0.0180558542	0.000000000000000	18.592514182246088	20	0.05411499436302142	0.0032	0.0	56
888	0.0180558542	0.000000000000000	18.592514182246088	20	0.05405405405405406	0.0032	0.0	56
889	0.0180558542	0.000000000000000	18.592514182246088	20	0.05399325084364454	0.0032	0.0	56
890	0.0180558542	0.000000000000000	18.592514182246088	20	0.05393258426966292	0.0032	0.0	56
891	0.0180558542	0.000000000000000	18.592514182246088	20	0.05387205387205387	0.0032	0.0	56
892	0.0180558542	0.000000000000000	18.592514182246088	20	0.053811659192825115	0.0032	0.0	56
893	0.0180558542	0.000000000000000	18.592514182246088	20	0.05375139977603583	0.0032	0.0	56
894	0.0180558542	0.000000000000000	18.592514182246088	20	0.053691275167785234	0.0032	0.0	56
895	0.0180558542	0.000000000000000	18.592514182246088	20	0.053631284916201116	0.0032	0.0	56
896	0.0180558542	0.000000000000000	18.592514182246088	20	0.05357142857142857	0.0032	0.0	56
897	0.0180558542	0.000000000000000	18.592514182246088	20	0.05351170568561873	0.0032	0.0	56
898	0.0180558542	0.000000000000000	18.592514182246088	20	0.053452115812917596	0.0032	0.0	56
899	0.0180558542	0.000000000000000	18.592514182246088	20	0.05339265850945495	0.0032	0.0	56
900	0.0180558542	0.000000000000000	18.592514182246088	20	0.05333333333333334	0.0032	0.0	56
901	0.0180558542	0.000000000000000	18.592514182246088	20	0.05327413984461709	0.0032	0.0	56
902	0.0180558542	0.000000000000000	18.592514182246088	20	0.05321507760532151	0.0032	0.0	56
903	0.0180558542	0.000000000000000	18.592514182246088	20	0.053156146179401995	0.0032	0.0	56
904	0.0180558542	0.000000000000000	18.592514182246088	20	0.05309734513274336	0.0032	0.0	56
905	0.0180558542	0.000000000000000	18.592514182246088	20	0.05303867403314917	0.0032	0.0	56
906	0.0180558542	0.000000000000000	18.592514182246088	20	0.052980132450331126	0.0032	0.0	56
907	0.0180558542	0.000000000000000	18.592514182246088	20	0.05292171995589857	0.0032	0.0	56
908	0.0180558542	0.000000000000000	18.592514182246088	20	0.05286343612334802	0.0032	0.0	56
909	0.0180558542	0.000000000000000	18.592514182246088	20	0.052805280528052806	0.0032	0.0	56
910	0.0180558542	0.000000000000000	18.592514182246088	20	0.05274725274725275	0.0032	0.0	56
911	0.0180558542	0.000000000000000	18.592514182246088	20	0.052689352360043906	0.0032	0.0	56
912	0.0180558542	0.000000000000000	18.592514182246088	20	0.05263157894736842	0.0032	0.0	56
913	0.0180558542	0.000000000000000	18.592514182246088	20	0.05257393209200438	0.0032	0.0	56
914	0.0180558542	0.000000000000000	18.592514182246088	20	0.0525164113785558	0.0032	0.0	56
915	0.0180558542	0.000000000000000	18.592514182246088	20	0.05245901639344262	0.0032	0.0	56
916	0.0180558542	0.000000000000000	18.592514182246088	20	0.05240174672489083	0.0032	0.0	56
917	0.0180558542	0.000000000000000	18.592514182246088	20	0.05234460196292257	0.0032	0.0	56
918	0.0180558542	0.000000000000000	18.592514182246088	20	0.05228758169934641	0.0032	0.0	56
919	0.0180558542	0.000000000000000	18.592514182246088	20	0.05223068552774755	0.0032	0.0	56
920	0.0180558542	0.000000000000000	18.592514182246088	20	0.05217391304347826	0.0032	0.0	56
921	0.0180558542	0.000000000000000	18.592514182246088	20	0.05211726384364821	0.0032	0.0	56
922	0.0180558542	0.000000000000000	18.592514182246088	20	0.052060737527114966	0.0032	0.0	56
923	0.0180558542	0.000000000000000	18.592514182246088	20	0.05200433369447454	0.0032	0.0	56
924	0.0180558542	0.000000000000000	18.592514182246088	20	0.05194805194805195	0.0032	0.0	56
925	0.0180558542	0.000000000000000	18.592514182246088	20	0.05189189189189189	0.0032	0.0	56
926	0.0180558542	0.000000000000000	18.592514182246088	20	0.05183585313174946	0.0032	0.0	56
927	0.0180558542	0.000000000000000	18.592514182246088	20	0.05177993527508091	0.0032	0.0	56
928	0.0180558542	0.000000000000000	18.592514182246088	20	0.05172413793103448	0.0032	0.0	56
929	0.0180558542	0.000000000000000	18.592514182246088	20	0.05166846071044134	0.0032	0.0	56
930	0.0180558542	0.000000000000000	18.592514182246088	20	0.05161290322580645	0.0032	0.0	56
931	0.0180558542	0.000000000000000	18.592514182246088	20	0.05155746509129968	0.0032	0.0	56
932	0.0180558542	0.000000000000000	18.592514182246088	20	0.05150214592274678	0.0032	0.0	56
933	0.0180558542	0.000000000000000	18.592514182246088	20	0.05144694533762058	0.0032	0.0	56
934	0.0180558542	0.000000000000000	18.592514182246088	20	0.05139186295503212	0.0032	0.0	56
935	0.0180558542	0.000000000000000	18.592514182246088	20	0.051336898395721926	0.0032	0.0	56
936	0.0180558542	0.000000000000000	18.592514182246088	20	0.05128205128205128	0.0032	0.0	56
937	0.0180558542	0.000000000000000	18.592514182246088	20	0.051227321237993596	0.0032	0.0	56
938	0.0180558542	0.000000000000000	18.592514182246088	20	0.0511727078891258	0.0032	0.0	56
939	0.0180558542	0.000000000000000	18.592514182246088	20	0.051118210862619806	0.0032	0.0	56
940	0.0180558542	0.000000000000000	18.592514182246088	20	0.05106382978723404	0.0032	0.0	56
941	0.0180558542	0.000000000000000	18.592514182246088	20	0.05100956429330499	0.0032	0.0	56
942	0.0180558542	0.000000000000000	18.592514182246088	20	0.050955414012738856	0.0032	0.0	56
943	0.0180558542	0.000000000000000	18.592514182246088	20	0.05090137857900318	0.0032	0.0	56
944	0.0180558542	0.000000000000000	18.592514182246088	20	0.05084745762711865	0.0032	0.0	56
945	0.0180558542	0.000000000000000	18.592514182246088	20	0.050793650793650794	0.0032	0.0	56
946	0.0180558542	0.000000000000000	18.592514182246088	20	0.0507399577167019	0.0032	0.0	56
947	0.0180558542	0.000000000000000	18.592514182246088	20	0.050686378035902854	0.0032	0.0	56
948	0.0180558542	0.000000000000000	18.592514182246088	20	0.05063291139240506	0.0032	0.0	56
949	0.0180558542	0.000000000000000	18.592514182246088	20	0.0505795574288725	0.0032	0.0	56
950	0.0180558542	0.000000000000000	18.592514182246088	20	0.05052631578947368	0.0032	0.0	56
951	0.0180558542	0.000000000000000	18.592514182246088	20	0.050473186119873815	0.0032	0.0	56
952	0.0180558542	0.000000000000000	18.592514182246088	20	0.05042016806722689	0.0032	0.0	56
953	0.0180558542	0.000000000000000	18.592514182246088	20	0.05036726128016789	0.0032	0.0	56
954	0.0180558542	0.000000000000000	18.592514182246088	20	0.050314465408805034	0.0032	0.0	56
955	0.0180558542	0.000000000000000	18.592514182246088	20	0.050261780104712044	0.0032	0.0	56
956	0.0180558542	0.000000000000000	18.592514182246088	20	0.0502092050209205	0.0032	0.0	56
957	0.0180558542	0.000000000000000	18.592514182246088	20	0.050156739811912224	0.0032	0.0	56
958	0.0180558542	0.000000000000000	18.592514182246088	20	0.05010438413361169	0.0032	0.0	56
959	0.0180558542	0.000000000000000	18.592514182246088	20	0.05005213764337852	0.0032	0.0	56
960	0.0180558542	0.000000000000000	18.592514182246088	20	0.05	0.0032	0.0	56
961	0.0180558542	0.000000000000000	18.592514182246088	20	0.04994797086368366	0.0032	0.0	56
962	0.0180558542	0.000000000000000	18.592514182246088	20	0.0498960498960499	0.0032	0.0	56
963	0.0180558542	0.000000000000000	18.592514182246088	20	0.04984423676012461	0.0032	0.0	56
964	0.0180558542	0.000000000000000	18.592514182246088	20	0.04979253112033195	0.0032	0.0	56
965	0.0180558542	0.000000000000000	18.592514182246088	20	0.049740932642487044	0.0032	0.0	56
966	0.0180558542	0.000000000000000	18.592514182246088	20	0.049689440993788817	0.0032	0.0	56
967	0.0180558542	0.000000000000000	18.592514182246088	20	0.04963805584281282	0.0032	0.0	56
968	0.0180558542	0.000000000000000	18.592514182246088	20	0.049586776859504134	0.0032	0.0	56
969	0.0180558542	0.000000000000000	18.592514182246088	20	0.04953560371517028	0.0032	0.0	56
970	0.0180558542	0.000000000000000	18.592514182246088	20	0.049484536082474224	0.0032	0.0	56
971	0.0180558542	0.000000000000000	18.592514182246088	20	0.04943357363542739	0.0032	0.0	56
972	0.0180558542	0.000000000000000	18.592514182246088	20	0.04938271604938271	0.0032	0.0	56
973	0.0180558542	0.000000000000000	18.592514182246088	20	0.04933196300102775	0.0032	0.0	56
974	0.0180558542	0.000000000000000	18.592514182246088	20	0.049281314168377825	0.0032	0.0	56
975	0.0180558542	0.000000000000000	18.592514182246088	20	0.04923076923076923	0.0032	0.0	56
976	0.0180558542	0.000000000000000	18.592514182246088	20	0.04918032786885246	0.0032	0.0	56
977	0.0180558542	0.000000000000000	18.592514182246088	20	0.04912998976458546	0.0032	0.0	56
978	0.0180558542	0.000000000000000	18.592514182246088	20	0.049079754601226995	0.0032	0.0	56
979	0.0180558542	0.000000000000000	18.592514182246088	20	0.049029622063329927	0.0032	0.0	56
980	0.0180558542	0.000000000000000	18.592514182246088	20	0.04897959183673469	0.0032	0.0	56
981	0.0180558542	0.000000000000000	18.592514182246088	20	0.04892966360856269	0.0032	0.0	56
982	0.0180558542	0.000000000000000	18.592514182246088	20	0.048879837067209775	0.0032	0.0	56
983	0.0180558542	0.000000000000000	18.592514182246088	20	0.048830111902339775	0.0032	0.0	56
984	0.0180558542	0.000000000000000	18.592514182246088	20	0.04878048780487805	0.0032	0.0	56
985	0.0180558542	0.000000000000000	18.592514182246088	20	0.048730964467005075	0.0032	0.0	56
986	0.0180558542	0.000000000000000	18.592514182246088	20	0.0486815415821501	0.0032	0.0	56
987	0.0180558542	0.000000000000000	18.592514182246088	20	0.0486322188449848	0.0032	0.0	56
988	0.0180558542	0.000000000000000	18.592514182246088	20	0.048582995951417005	0.0032	0.0	56
989	0.0180558542	0.000000000000000	18.592514182246088	20	0.04853387259858443	0.0032	0.0	56
990	0.0180558542	0.000000000000000	18.592514182246088	20	0.048484848484848485	0.0032	0.0	56
991	0.0180558542	0.000000000000000	18.592514182246088	20	0.04843592330978809	0.0032	0.0	56
992	0.0180558542	0.000000000000000	18.592514182246088	20	0.04838709677419355	0.0032	0.0	56
993	0.0180558542	0.000000000000000	18.592514182246088	20	0.04833836858006042	0.0032	0.0	56
994	0.0180558542	0.000000000000000	18.592514182246088	20	0.0482897384305835	0.0032	0.0	56
995	0.0180558542	0.000000000000000	18.592514182246088	20	0.04824120603015075	0.0032	0.0	56
996	0.0180558542	0.000000000000000	18.592514182246088	20	0.04819277108433735	0.0032	0.0	56
997	0.0180558542	0.000000000000000	18.592514182246088	20	0.048144433299899696	0.0032	0.0	56
998	0.0180558542	0.000000000000000	18.592514182246088	20	0.04809619238476954	0.0032	0.0	56
999	0.0180558542	0.000000000000000	18.592514182246088	20	0.04804804804804805	0.0032	0.0	56
1000	0.0180558542	0.000000000000000	18.592514182246088	20	0.048	0.0032	0.0	56
