0	0.0000000000	0.000000000000000	0.0	0	0	0.0008	0.0	56
1	0.0000000000	0.000000000000000	0.0	0	0.0	0.0008	0.0	56
2	0.0000000000	0.000000000000000	0.0	0	0.0	0.0008	0.0	56
3	0.0000000000	0.000000000000000	0.0	0	0.0	0.0008	0.0	56
4	0.0000000000	0.000000000000000	0.0	0	0.0	0.0008	0.0	56
5	0.0000000000	0.000000000000000	0.0	0	0.0	0.0008	0.0	56
6	0.0000000000	0.000000000000000	0.0	0	0.0	0.0008	0.0	56
7	0.0000000000	0.000000000000000	0.0	0	0.0	0.0008	0.0	56
8	0.0000000000	0.000000000000000	0.0	0	0.0	0.0008	0.0	56
9	0.0000000000	0.000000000000000	0.0	0	0.0	0.0008	0.0	56
10	0.0000000000	0.000000000000000	0.0	0	0.0	0.0008	0.0	56
11	0.0000000000	0.000000000000000	0.0	0	0.0	0.0008	0.0	56
12	0.0000000000	0.000000000000000	0.0	0	0.0	0.0008	0.0	56
13	0.0000000000	0.000000000000000	0.0	0	0.0	0.0008	0.0	56
14	0.0000000000	0.000000000000000	0.0	0	0.0	0.0008	0.0	56
15	0.0000000000	0.000000000000000	0.0	0	0.0	0.0008	0.0	56
16	0.0000000000	0.000000000000000	0.0	0	0.0	0.0008	0.0	56
17	0.0000000000	0.000000000000000	0.0	0	0.0	0.0008	0.0	56
18	0.0000000000	0.000000000000000	0.0	0	0.0	0.0008	0.0	56
19	0.0000000000	0.000000000000000	0.0	0	0.0	0.0008	0.0	56
20	0.0000000000	0.000000000000000	0.0	0	0.0	0.0008	0.0	56
21	0.0000000000	0.000000000000000	0.0	0	0.0	0.0008	0.0	56
22	0.0000000000	0.000000000000000	0.0	0	0.0	0.0008	0.0	56
23	0.0000000000	0.000000000000000	0.0	0	0.0	0.0008	0.0	56
24	0.0000000000	0.000000000000000	0.0	0	0.0	0.0008	0.0	56
25	0.0000000000	0.000000000000000	0.0	0	0.0	0.0008	0.0	56
26	0.0000000000	0.000000000000000	0.0	0	0.0	0.0008	0.0	56
27	0.0000000000	0.000000000000000	0.0	0	0.0	0.0008	0.0	56
28	0.0000000000	0.000000000000000	0.0	0	0.0	0.0008	0.0	56
29	0.0000000000	0.000000000000000	0.0	0	0.0	0.0008	0.0	56
30	0.0000000000	0.000000000000000	0.0	0	0.0	0.0008	0.0	56
31	0.0000000000	0.000000000000000	0.0	0	0.0	0.0008	0.0	56
32	0.0000000000	0.000000000000000	0.0	0	0.0	0.0008	0.0	56
33	0.0000000000	0.000000000000000	0.0	0	0.0	0.0008	0.0	56
34	0.0000000000	0.000000000000000	0.0	0	0.0	0.0008	0.0	56
35	0.0000000000	0.000000000000000	0.0	0	0.0	0.0008	0.0	56
36	0.0000000000	0.000000000000000	0.0	0	0.0	0.0008	0.0	56
37	0.0000000000	0.000000000000000	0.0	0	0.0	0.0008	0.0	56
38	0.0000000000	0.000000000000000	0.0	0	0.0	0.0008	0.0	56
39	0.0000000000	0.000000000000000	0.0	0	0.0	0.0008	0.0	56
40	0.0000000000	0.000000000000000	0.0	0	0.0	0.0008	0.0	56
41	0.0000000000	0.000000000000000	0.0	0	0.0	0.0008	0.0	56
42	0.0000000000	0.000000000000000	0.0	0	0.0	0.0008	0.0	56
43	0.0000000000	0.000000000000000	0.0	0	0.0	0.0008	0.0	56
44	0.0000000000	0.000000000000000	0.0	0	0.0	0.0008	0.0	56
45	0.0000000000	0.000000000000000	0.0	0	0.0	0.0008	0.0	56
46	0.0000000000	0.000000000000000	0.0	0	0.0	0.0008	0.0	56
47	0.0000000000	0.000000000000000	0.0	0	0.0	0.0008	0.0	56
48	0.0000000000	0.000000000000000	0.0	0	0.0	0.0008	0.0	56
49	0.0000000000	0.000000000000000	0.0	0	0.0	0.0008	0.0	56
50	0.0000000000	0.000000000000000	0.0	0	0.0	0.0008	0.0	56
51	0.0000000000	0.000000000000000	0.0	0	0.0	0.0008	0.0	56
52	0.0000000000	0.000000000000000	0.0	0	0.0	0.0008	0.0	56
53	0.0000000000	0.000000000000000	0.0	0	0.0	0.0008	0.0	56
54	0.0000000000	0.000000000000000	0.0	0	0.0	0.0008	0.0	56
55	0.0000000000	0.000000000000000	0.0	0	0.0	0.0008	0.0	56
56	0.0000000000	0.000000000000000	0.0	0	0.0	0.0008	0.0	56
57	0.0000000000	0.000000000000000	0.0	0	0.0	0.0008	0.0	56
58	0.0000000000	0.000000000000000	0.0	0	0.0	0.0008	0.0	56
59	0.0000000000	0.000000000000000	0.0	0	0.0	0.0008	0.0	56
60	0.0000000000	0.000000000000000	0.0	0	0.0	0.0008	0.0	56
61	0.0000000000	0.000000000000000	0.0	0	0.0	0.0008	0.0	56
62	0.0000000000	0.000000000000000	0.0	0	0.0	0.0008	0.0	56
63	0.0000000000	0.000000000000000	0.0	0	0.0	0.0008	0.0	56
64	0.0000000000	0.000000000000000	0.0	0	0.0	0.0008	0.0	56
65	0.0000000000	0.000000000000000	0.0	0	0.0	0.0008	0.0	56
66	0.0000000000	0.000000000000000	0.0	0	0.0	0.0008	0.0	56
67	0.0000000000	0.000000000000000	0.0	0	0.0	0.0008	0.0	56
68	0.0000000000	0.000000000000000	0.0	0	0.0	0.0008	0.0	56
69	0.0000000000	0.000000000000000	0.0	0	0.0	0.0008	0.0	56
70	0.0000000000	0.000000000000000	0.0	0	0.0	0.0008	0.0	56
71	0.0000000000	0.000000000000000	0.0	0	0.0	0.0008	0.0	56
72	0.0000000000	0.000000000000000	0.0	0	0.0	0.0008	0.0	56
73	0.0000000000	0.000000000000000	0.0	0	0.0	0.0008	0.0	56
74	0.0000000000	0.000000000000000	0.0	0	0.0	0.0008	0.0	56
75	0.0000000000	0.000000000000000	0.0	0	0.0	0.0008	0.0	56
76	0.0000000000	0.000000000000000	0.0	0	0.0	0.0008	0.0	56
77	0.0000000000	0.000000000000000	0.0	0	0.0	0.0008	0.0	56
78	0.0000000000	0.000000000000000	0.0	0	0.0	0.0008	0.0	56
79	0.0000000000	0.000000000000000	0.0	0	0.0	0.0008	0.0	56
80	0.0000000000	0.000000000000000	0.0	0	0.0	0.0008	0.0	56
81	0.0000000000	0.000000000000000	0.0	0	0.0	0.0008	0.0	56
82	0.0000000000	0.000000000000000	0.0	0	0.0	0.0008	0.0	56
83	0.0000000000	0.000000000000000	0.0	0	0.0	0.0008	0.0	56
84	0.0000000000	0.000000000000000	0.0	0	0.0	0.0008	0.0	56
85	0.0000000000	0.000000000000000	0.0	0	0.0	0.0008	0.0	56
86	0.0000000000	0.000000000000000	0.0	0	0.0	0.0008	0.0	56
87	0.0000000000	0.000000000000000	0.0	0	0.0	0.0008	0.0	56
88	0.0000000000	0.000000000000000	0.0	0	0.0	0.0008	0.0	56
89	0.0000000000	0.000000000000000	0.0	0	0.0	0.0008	0.0	56
90	0.0000000000	0.000000000000000	0.0	0	0.0	0.0008	0.0	56
91	0.0000000000	0.000000000000000	0.0	0	0.0	0.0008	0.0	56
92	0.0000000000	0.000000000000000	0.0	0	0.0	0.0008	0.0	56
93	0.0000000000	0.000000000000000	0.0	0	0.0	0.0008	0.0	56
94	0.0000000000	0.000000000000000	0.0	0	0.0	0.0008	0.0	56
95	0.0000000000	0.000000000000000	0.0	0	0.0	0.0008	0.0	56
96	0.0000000000	0.000000000000000	0.0	0	0.0	0.0008	0.0	56
97	0.0000000000	0.000000000000000	0.0	0	0.0	0.0008	0.0	56
98	0.0000000000	0.000000000000000	0.0	0	0.0	0.0008	0.0	56
99	0.0000000000	0.000000000000000	0.0	0	0.0	0.0008	0.0	56
100	0.0000000000	0.000000000000000	0.0	0	0.0	0.0008	0.0	56
101	0.0000000000	0.000000000000000	0.0	0	0.0	0.0008	0.0	56
102	0.0000000000	0.000000000000000	0.0	0	0.0	0.0008	0.0	56
103	0.0000000000	0.000000000000000	0.0	0	0.0	0.0008	0.0	56
104	0.0000000000	0.000000000000000	0.0	0	0.0	0.0008	0.0	56
105	0.0000000000	0.000000000000000	0.0	0	0.0	0.0008	0.0	56
106	0.0000000000	0.000000000000000	0.0	0	0.0	0.0008	0.0	56
107	0.0000000000	0.000000000000000	0.0	0	0.0	0.0008	0.0	56
108	0.0000000000	0.000000000000000	0.0	0	0.0	0.0008	0.0	56
109	0.0000000000	0.000000000000000	0.0	0	0.0	0.0008	0.0	56
110	0.0000000000	0.000000000000000	0.0	0	0.0	0.0008	0.0	56
111	0.0000000000	0.000000000000000	0.0	0	0.0	0.0008	0.0	56
112	0.0000000000	0.000000000000000	0.0	0	0.0	0.0008	0.0	56
113	0.0000000000	0.000000000000000	0.0	0	0.0	0.0008	0.0	56
114	0.0000000000	0.000000000000000	0.0	0	0.0	0.0008	0.0	56
115	0.0000000000	0.000000000000000	0.0	0	0.0	0.0008	0.0	56
116	0.0000000000	0.000000000000000	0.0	0	0.0	0.0008	0.0	56
117	0.0000000000	0.000000000000000	0.0	0	0.0	0.0008	0.0	56
118	0.0000000000	0.000000000000000	0.0	0	0.0	0.0008	0.0	56
119	0.0000000000	0.000000000000000	0.0	0	0.0	0.0008	0.0	56
120	0.0000000000	0.000000000000000	0.0	0	0.0	0.0008	0.0	56
121	0.0000000000	0.000000000000000	0.0	0	0.0	0.0008	0.0	56
122	0.0000000000	0.000000000000000	0.0	0	0.0	0.0008	0.0	56
123	0.0000000000	0.000000000000000	0.0	0	0.0	0.0008	0.0	56
124	0.0000000000	0.000000000000000	0.0	0	0.0	0.0008	0.0	56
125	0.0000000000	0.000000000000000	0.0	0	0.0	0.0008	0.0	56
126	0.0000000000	0.000000000000000	0.0	0	0.0	0.0008	0.0	56
127	0.0000000000	0.000000000000000	0.0	0	0.0	0.0008	0.0	56
128	0.0000000000	0.000000000000000	0.0	0	0.0	0.0008	0.0	56
129	0.0000000000	0.000000000000000	0.0	0	0.0	0.0008	0.0	56
130	0.0000000000	0.000000000000000	0.0	0	0.0	0.0008	0.0	56
131	0.0000000000	0.000000000000000	0.0	0	0.0	0.0008	0.0	56
132	0.0000000000	0.000000000000000	0.0	0	0.0	0.0008	0.0	56
133	0.0000000000	0.000000000000000	0.0	0	0.0	0.0008	0.0	56
134	0.0000000000	0.000000000000000	0.0	0	0.0	0.0008	0.0	56
135	0.0000000000	0.000000000000000	0.0	0	0.0	0.0008	0.0	56
136	0.0000000000	0.000000000000000	0.0	0	0.0	0.0008	0.0	56
137	0.0000000000	0.000000000000000	0.0	0	0.0	0.0008	0.0	56
138	0.0000000000	0.000000000000000	0.0	0	0.0	0.0008	0.0	56
139	0.0000000000	0.000000000000000	0.0	0	0.0	0.0008	0.0	56
140	0.0000000000	0.000000000000000	0.0	0	0.0	0.0008	0.0	56
141	0.0000000000	0.000000000000000	0.0	0	0.0	0.0008	0.0	56
142	0.0000000000	0.000000000000000	0.0	0	0.0	0.0008	0.0	56
143	0.0000000000	0.000000000000000	0.0	0	0.0	0.0008	0.0	56
144	0.0000000000	0.000000000000000	0.0	0	0.0	0.0008	0.0	56
145	0.0000000000	0.000000000000000	0.0	0	0.0	0.0008	0.0	56
146	0.0000000000	0.000000000000000	0.0	0	0.0	0.0008	0.0	56
147	0.0000000000	0.000000000000000	0.0	0	0.0	0.0008	0.0	56
148	0.0000000000	0.000000000000000	0.0	0	0.0	0.0008	0.0	56
149	0.0000000000	0.000000000000000	0.0	0	0.0	0.0008	0.0	56
150	0.0000000000	0.000000000000000	0.0	0	0.0	0.0008	0.0	56
151	0.0000000000	0.000000000000000	0.0	0	0.0	0.0008	0.0	56
152	0.0000000000	0.000000000000000	0.0	0	0.0	0.0008	0.0	56
153	0.0000000000	0.000000000000000	0.0	0	0.0	0.0008	0.0	56
154	0.0000000000	0.000000000000000	0.0	0	0.0	0.0008	0.0	56
155	0.0000000000	0.000000000000000	0.0	0	0.0	0.0008	0.0	56
156	0.0000000000	0.000000000000000	0.0	0	0.0	0.0008	0.0	56
157	0.0000000000	0.000000000000000	0.0	0	0.0	0.0008	0.0	56
158	0.0000000000	0.000000000000000	0.0	0	0.0	0.0008	0.0	56
159	0.0000000000	0.000000000000000	0.0	0	0.0	0.0008	0.0	56
160	0.0000000000	0.000000000000000	0.0	0	0.0	0.0008	0.0	56
161	0.0000000000	0.000000000000000	0.0	0	0.0	0.0008	0.0	56
162	0.0000000000	0.000000000000000	0.0	0	0.0	0.0008	0.0	56
163	0.0000000000	0.000000000000000	0.0	0	0.0	0.0008	0.0	56
164	0.0000000000	0.000000000000000	0.0	0	0.0	0.0008	0.0	56
165	0.0000000000	0.000000000000000	0.0	0	0.0	0.0008	0.0	56
166	0.0000000000	0.000000000000000	0.0	0	0.0	0.0008	0.0	56
167	0.0000000000	0.000000000000000	0.0	0	0.0	0.0008	0.0	56
168	0.0000000000	0.000000000000000	0.0	0	0.0	0.0008	0.0	56
169	0.0000000000	0.000000000000000	0.0	0	0.0	0.0008	0.0	56
170	0.0000000000	0.000000000000000	0.0	0	0.0	0.0008	0.0	56
171	0.0000000000	0.000000000000000	0.0	0	0.0	0.0008	0.0	56
172	0.0000000000	0.000000000000000	0.0	0	0.0	0.0008	0.0	56
173	0.0000000000	0.000000000000000	0.0	0	0.0	0.0008	0.0	56
174	0.0000000000	0.000000000000000	0.0	0	0.0	0.0008	0.0	56
175	0.0000000000	0.000000000000000	0.0	0	0.0	0.0008	0.0	56
176	0.0000000000	0.000000000000000	0.0	0	0.0	0.0008	0.0	56
177	0.0000000000	0.000000000000000	0.0	0	0.0	0.0008	0.0	56
178	0.0000000000	0.000000000000000	0.0	0	0.0	0.0008	0.0	56
179	0.0000000000	0.000000000000000	0.0	0	0.0	0.0008	0.0	56
180	0.0000000000	0.000000000000000	0.0	0	0.0	0.0008	0.0	56
181	0.0000000000	0.000000000000000	0.0	0	0.0	0.0008	0.0	56
182	0.0000000000	0.000000000000000	0.0	0	0.0	0.0008	0.0	56
183	0.0000000000	0.000000000000000	0.0	0	0.0	0.0008	0.0	56
184	0.0000000000	0.000000000000000	0.0	0	0.0	0.0008	0.0	56
185	0.0000000000	0.000000000000000	0.0	0	0.0	0.0008	0.0	56
186	0.0000000000	0.000000000000000	0.0	0	0.0	0.0008	0.0	56
187	0.0000000000	0.000000000000000	0.0	0	0.0	0.0008	0.0	56
188	0.0000000000	0.000000000000000	0.0	0	0.0	0.0008	0.0	56
189	0.0000000000	0.000000000000000	0.0	0	0.0	0.0008	0.0	56
190	0.0000000000	0.000000000000000	0.0	0	0.0	0.0008	0.0	56
191	0.0000000000	0.000000000000000	0.0	0	0.0	0.0008	0.0	56
192	0.0000000000	0.000000000000000	0.0	0	0.0	0.0008	0.0	56
193	0.0000000000	0.000000000000000	0.0	0	0.0	0.0008	0.0	56
194	0.0000000000	0.000000000000000	0.0	0	0.0	0.0008	0.0	56
195	0.0000000000	0.000000000000000	0.0	0	0.0	0.0008	0.0	56
196	0.0000000000	0.000000000000000	0.0	0	0.0	0.0008	0.0	56
197	0.0000000000	0.000000000000000	0.0	0	0.0	0.0008	0.0	56
198	0.0000000000	0.000000000000000	0.0	0	0.0	0.0008	0.0	56
199	0.0000000000	0.000000000000000	0.0	0	0.0	0.0008	0.0	56
200	0.0000000000	0.000000000000000	0.0	0	0.0	0.0008	0.0	56
201	0.0000000000	0.000000000000000	0.0	0	0.0	0.0008	0.0	56
202	0.0000000000	0.000000000000000	0.0	0	0.0	0.0008	0.0	56
203	0.0000000000	0.000000000000000	0.0	0	0.0	0.0008	0.0	56
204	0.0000000000	0.000000000000000	0.0	0	0.0	0.0008	0.0	56
205	0.0000000000	0.000000000000000	0.0	0	0.0	0.0008	0.0	56
206	0.0000000000	0.000000000000000	0.0	0	0.0	0.0008	0.0	56
207	0.0000000000	0.000000000000000	0.0	0	0.0	0.0008	0.0	56
208	0.0000000000	0.000000000000000	0.0	0	0.0	0.0008	0.0	56
209	0.0000000000	0.000000000000000	0.0	0	0.0	0.0008	0.0	56
210	0.0000000000	0.000000000000000	0.0	0	0.0	0.0008	0.0	56
211	0.0000000000	0.000000000000000	0.0	0	0.0	0.0008	0.0	56
212	0.0000000000	0.000000000000000	0.0	0	0.0	0.0008	0.0	56
213	0.0000000000	0.000000000000000	0.0	0	0.0	0.0008	0.0	56
214	0.0000000000	0.000000000000000	0.0	0	0.0	0.0008	0.0	56
215	0.0000000000	0.000000000000000	0.0	0	0.0	0.0008	0.0	56
216	0.0000000000	0.000000000000000	0.0	0	0.0	0.0008	0.0	56
217	0.0000000000	0.000000000000000	0.0	0	0.0	0.0008	0.0	56
218	0.0000000000	0.000000000000000	0.0	0	0.0	0.0008	0.0	56
219	0.0000000000	0.000000000000000	0.0	0	0.0	0.0008	0.0	56
220	0.0000000000	0.000000000000000	0.0	0	0.0	0.0008	0.0	56
221	0.0000000000	0.000000000000000	0.0	0	0.0	0.0008	0.0	56
222	0.0000000000	0.000000000000000	0.0	0	0.0	0.0008	0.0	56
223	0.0000000000	0.000000000000000	0.0	0	0.0	0.0008	0.0	56
224	0.0000000000	0.000000000000000	0.0	0	0.0	0.0008	0.0	56
225	0.0000000000	0.000000000000000	0.0	0	0.0	0.0008	0.0	56
226	0.0000000000	0.000000000000000	0.0	0	0.0	0.0008	0.0	56
227	0.0000000000	0.000000000000000	0.0	0	0.0	0.0008	0.0	56
228	0.0000000000	0.000000000000000	0.0	0	0.0	0.0008	0.0	56
229	0.0000000000	0.000000000000000	0.0	0	0.0	0.0008	0.0	56
230	0.0000000000	0.000000000000000	0.0	0	0.0	0.0008	0.0	56
231	0.0000000000	0.000000000000000	0.0	0	0.0	0.0008	0.0	56
232	0.0000000000	0.000000000000000	0.0	0	0.0	0.0008	0.0	56
233	0.0000000000	0.000000000000000	0.0	0	0.0	0.0008	0.0	56
234	0.0000000000	0.000000000000000	0.0	0	0.0	0.0008	0.0	56
235	0.0000000000	0.000000000000000	0.0	0	0.0	0.0008	0.0	56
236	0.0000000000	0.000000000000000	0.0	0	0.0	0.0008	0.0	56
237	0.0000000000	0.000000000000000	0.0	0	0.0	0.0008	0.0	56
238	0.0000000000	0.000000000000000	0.0	0	0.0	0.0008	0.0	56
239	0.0000000000	0.000000000000000	0.0	0	0.0	0.0008	0.0	56
240	0.0000000000	0.000000000000000	0.0	0	0.0	0.0008	0.0	56
241	0.0000000000	0.000000000000000	0.0	0	0.0	0.0008	0.0	56
242	0.0000000000	0.000000000000000	0.0	0	0.0	0.0008	0.0	56
243	0.0000000000	0.000000000000000	0.0	0	0.0	0.0008	0.0	56
244	0.0000000000	0.000000000000000	0.0	0	0.0	0.0008	0.0	56
245	0.0000000000	0.000000000000000	0.0	0	0.0	0.0008	0.0	56
246	0.0000000000	0.000000000000000	0.0	0	0.0	0.0008	0.0	56
247	0.0000000000	0.000000000000000	0.0	0	0.0	0.0008	0.0	56
248	0.0000000000	0.000000000000000	0.0	0	0.0	0.0008	0.0	56
249	0.0000000000	0.000000000000000	0.0	0	0.0	0.0008	0.0	56
250	0.0000000000	0.000000000000000	0.0	0	0.0	0.0008	0.0	56
251	0.0000000000	0.000000000000000	0.0	0	0.0	0.0008	0.0	56
252	0.0000000000	0.000000000000000	0.0	0	0.0	0.0008	0.0	56
253	0.0000000000	0.000000000000000	0.0	0	0.0	0.0008	0.0	56
254	0.0000000000	0.000000000000000	0.0	0	0.0	0.0008	0.0	56
255	0.0000000000	0.000000000000000	0.0	0	0.0	0.0008	0.0	56
256	0.0000000000	0.000000000000000	0.0	0	0.0	0.0008	0.0	56
257	0.0000000000	0.000000000000000	0.0	0	0.0	0.0008	0.0	56
258	0.0000000000	0.000000000000000	0.0	0	0.0	0.0008	0.0	56
259	0.0000000000	0.000000000000000	0.0	0	0.0	0.0008	0.0	56
260	0.0000000000	0.000000000000000	0.0	0	0.0	0.0008	0.0	56
261	0.0000000000	0.000000000000000	0.0	0	0.0	0.0008	0.0	56
262	0.0000000000	0.000000000000000	0.0	0	0.0	0.0008	0.0	56
263	0.0000000000	0.000000000000000	0.0	0	0.0	0.0008	0.0	56
264	0.0000000000	0.000000000000000	0.0	0	0.0	0.0008	0.0	56
265	0.0000000000	0.000000000000000	0.0	0	0.0	0.0008	0.0	56
266	0.0000000000	0.000000000000000	0.0	0	0.0	0.0008	0.0	56
267	0.0000000000	0.000000000000000	0.0	0	0.0	0.0008	0.0	56
268	0.0000000000	0.000000000000000	0.0	0	0.0	0.0008	0.0	56
269	0.0000000000	0.000000000000000	0.0	0	0.0	0.0008	0.0	56
270	0.0000000000	0.000000000000000	0.0	0	0.0	0.0008	0.0	56
271	0.0000000000	0.000000000000000	0.0	0	0.0	0.0008	0.0	56
272	0.0000000000	0.000000000000000	0.0	0	0.0	0.0008	0.0	56
273	0.0000000000	0.000000000000000	0.0	0	0.0	0.0008	0.0	56
274	0.0000000000	0.000000000000000	0.0	0	0.0	0.0008	0.0	56
275	0.0000000000	0.000000000000000	0.0	0	0.0	0.0008	0.0	56
276	0.0000000000	0.000000000000000	0.0	0	0.0	0.0008	0.0	56
277	0.0000000000	0.000000000000000	0.0	0	0.0	0.0008	0.0	56
278	0.0000000000	0.000000000000000	0.0	0	0.0	0.0008	0.0	56
279	0.0000000000	0.000000000000000	0.0	0	0.0	0.0008	0.0	56
280	0.0000000000	0.000000000000000	0.0	0	0.0	0.0008	0.0	56
281	0.0000000000	0.000000000000000	0.0	0	0.0	0.0008	0.0	56
282	0.0000000000	0.000000000000000	0.0	0	0.0	0.0008	0.0	56
283	0.0000000000	0.000000000000000	0.0	0	0.0	0.0008	0.0	56
284	0.0000000000	0.000000000000000	0.0	0	0.0	0.0008	0.0	56
285	0.0000000000	0.000000000000000	0.0	0	0.0	0.0008	0.0	56
286	0.0000000000	0.000000000000000	0.0	0	0.0	0.0008	0.0	56
287	0.0000000000	0.000000000000000	0.0	0	0.0	0.0008	0.0	56
288	0.0000000000	0.000000000000000	0.0	0	0.0	0.0008	0.0	56
289	0.0000000000	0.000000000000000	0.0	0	0.0	0.0008	0.0	56
290	0.0000000000	0.000000000000000	0.0	0	0.0	0.0008	0.0	56
291	0.0000000000	0.000000000000000	0.0	0	0.0	0.0008	0.0	56
292	0.0000000000	0.000000000000000	0.0	0	0.0	0.0008	0.0	56
293	0.0000000000	0.000000000000000	0.0	0	0.0	0.0008	0.0	56
294	0.0000000000	0.000000000000000	0.0	0	0.0	0.0008	0.0	56
295	0.0000000000	0.000000000000000	0.0	0	0.0	0.0008	0.0	56
296	0.0000000000	0.000000000000000	0.0	0	0.0	0.0008	0.0	56
297	0.0000000000	0.000000000000000	0.0	0	0.0	0.0008	0.0	56
298	0.0000000000	0.000000000000000	0.0	0	0.0	0.0008	0.0	56
299	0.0000000000	0.000000000000000	0.0	0	0.0	0.0008	0.0	56
300	0.0000000000	0.000000000000000	0.0	0	0.0	0.0008	0.0	56
301	0.0000000000	0.000000000000000	0.0	0	0.0	0.0008	0.0	56
302	0.0000000000	0.000000000000000	0.0	0	0.0	0.0008	0.0	56
303	0.0000000000	0.000000000000000	0.0	0	0.0	0.0008	0.0	56
304	0.0000000000	0.000000000000000	0.0	0	0.0	0.0008	0.0	56
305	0.0000000000	0.000000000000000	0.0	0	0.0	0.0008	0.0	56
306	0.0000000000	0.000000000000000	0.0	0	0.0	0.0008	0.0	56
307	0.0000000000	0.000000000000000	0.0	0	0.0	0.0008	0.0	56
308	0.0000000000	0.000000000000000	0.0	0	0.0	0.0008	0.0	56
309	0.0000000000	0.000000000000000	0.0	0	0.0	0.0008	0.0	56
310	0.0000000000	0.000000000000000	0.0	0	0.0	0.0008	0.0	56
311	0.0000000000	0.000000000000000	0.0	0	0.0	0.0008	0.0	56
312	0.0000000000	0.000000000000000	0.0	0	0.0	0.0008	0.0	56
313	0.0000000000	0.000000000000000	0.0	0	0.0	0.0008	0.0	56
314	0.0000000000	0.000000000000000	0.0	0	0.0	0.0008	0.0	56
315	0.0000000000	0.000000000000000	0.0	0	0.0	0.0008	0.0	56
316	0.0000000000	0.000000000000000	0.0	0	0.0	0.0008	0.0	56
317	0.0000000000	0.000000000000000	0.0	0	0.0	0.0008	0.0	56
318	0.0000000000	0.000000000000000	0.0	0	0.0	0.0008	0.0	56
319	0.0000000000	0.000000000000000	0.0	0	0.0	0.0008	0.0	56
320	0.0000000000	0.000000000000000	0.0	0	0.0	0.0008	0.0	56
321	0.0000000000	0.000000000000000	0.0	0	0.0	0.0008	0.0	56
322	0.0000000000	0.000000000000000	0.0	0	0.0	0.0008	0.0	56
323	0.0000000000	0.000000000000000	0.0	0	0.0	0.0008	0.0	56
324	0.0000000000	0.000000000000000	0.0	0	0.0	0.0008	0.0	56
325	0.0000000000	0.000000000000000	0.0	0	0.0	0.0008	0.0	56
326	0.0000000000	0.000000000000000	0.0	0	0.0	0.0008	0.0	56
327	0.0000000000	0.000000000000000	0.0	0	0.0	0.0008	0.0	56
328	0.0000000000	0.000000000000000	0.0	0	0.0	0.0008	0.0	56
329	0.0000000000	0.000000000000000	0.0	0	0.0	0.0008	0.0	56
330	0.0000000000	0.000000000000000	0.0	0	0.0	0.0008	0.0	56
331	0.0000000000	0.000000000000000	0.0	0	0.0	0.0008	0.0	56
332	0.0000000000	0.000000000000000	0.0	0	0.0	0.0008	0.0	56
333	0.0000000000	0.000000000000000	0.0	0	0.0	0.0008	0.0	56
334	0.0000000000	0.000000000000000	0.0	0	0.0	0.0008	0.0	56
335	0.0000000000	0.000000000000000	0.0	0	0.0	0.0008	0.0	56
336	0.0000000000	0.000000000000000	0.0	0	0.0	0.0008	0.0	56
337	0.0000000000	0.000000000000000	0.0	0	0.0	0.0008	0.0	56
338	0.0000000000	0.000000000000000	0.0	0	0.0	0.0008	0.0	56
339	0.0000000000	0.000000000000000	0.0	0	0.0	0.0008	0.0	56
340	0.0000000000	0.000000000000000	0.0	0	0.0	0.0008	0.0	56
341	0.0000000000	0.000000000000000	0.0	0	0.0	0.0008	0.0	56
342	0.0000000000	0.000000000000000	0.0	0	0.0	0.0008	0.0	56
343	0.0000000000	0.000000000000000	0.0	0	0.0	0.0008	0.0	56
344	0.0000000000	0.000000000000000	0.0	0	0.0	0.0008	0.0	56
345	0.0000000000	0.000000000000000	0.0	0	0.0	0.0008	0.0	56
346	0.0000000000	0.000000000000000	0.0	0	0.0	0.0008	0.0	56
347	0.0000000000	0.000000000000000	0.0	0	0.0	0.0008	0.0	56
348	0.0000000000	0.000000000000000	0.0	0	0.0	0.0008	0.0	56
349	0.0000000000	0.000000000000000	0.0	0	0.0	0.0008	0.0	56
350	0.0000000000	0.000000000000000	0.0	0	0.0	0.0008	0.0	56
351	0.0000000000	0.000000000000000	0.0	0	0.0	0.0008	0.0	56
352	0.0000000000	0.000000000000000	0.0	0	0.0	0.0008	0.0	56
353	0.0000000000	0.000000000000000	0.0	0	0.0	0.0008	0.0	56
354	0.0000000000	0.000000000000000	0.0	0	0.0	0.0008	0.0	56
355	0.0000000000	0.000000000000000	0.0	0	0.0	0.0008	0.0	56
356	0.0000000000	0.000000000000000	0.0	0	0.0	0.0008	0.0	56
357	0.0000000000	0.000000000000000	0.0	0	0.0	0.0008	0.0	56
358	0.0000000000	0.000000000000000	0.0	0	0.0	0.0008	0.0	56
359	0.0000000000	0.000000000000000	0.0	0	0.0	0.0008	0.0	56
360	0.0000000000	0.000000000000000	0.0	0	0.0	0.0008	0.0	56
361	0.0000000000	0.000000000000000	0.0	0	0.0	0.0008	0.0	56
362	0.0000000000	0.000000000000000	0.0	0	0.0	0.0008	0.0	56
363	0.0000000000	0.000000000000000	0.0	0	0.0	0.0008	0.0	56
364	0.0000000000	0.000000000000000	0.0	0	0.0	0.0008	0.0	56
365	0.0000000000	0.000000000000000	0.0	0	0.0	0.0008	0.0	56
366	0.0000000000	0.000000000000000	0.0	0	0.0	0.0008	0.0	56
367	0.0000000000	0.000000000000000	0.0	0	0.0	0.0008	0.0	56
368	0.0000000000	0.000000000000000	0.0	0	0.0	0.0008	0.0	56
369	0.0000000000	0.000000000000000	0.0	0	0.0	0.0008	0.0	56
370	0.0000000000	0.000000000000000	0.0	0	0.0	0.0008	0.0	56
371	0.0000000000	0.000000000000000	0.0	0	0.0	0.0008	0.0	56
372	0.0000000000	0.000000000000000	0.0	0	0.0	0.0008	0.0	56
373	0.0000000000	0.000000000000000	0.0	0	0.0	0.0008	0.0	56
374	0.0000000000	0.000000000000000	0.0	0	0.0	0.0008	0.0	56
375	0.0000000000	0.000000000000000	0.0	0	0.0	0.0008	0.0	56
376	0.0000000000	0.000000000000000	0.0	0	0.0	0.0008	0.0	56
377	0.0000000000	0.000000000000000	0.0	0	0.0	0.0008	0.0	56
378	0.0000000000	0.000000000000000	0.0	0	0.0	0.0008	0.0	56
379	0.0000000000	0.000000000000000	0.0	0	0.0	0.0008	0.0	56
380	0.0000000000	0.000000000000000	0.0	0	0.0	0.0008	0.0	56
381	0.0000000000	0.000000000000000	0.0	0	0.0	0.0008	0.0	56
382	0.0000000000	0.000000000000000	0.0	0	0.0	0.0008	0.0	56
383	0.0000000000	0.000000000000000	0.0	0	0.0	0.0008	0.0	56
384	0.0000000000	0.000000000000000	0.0	0	0.0	0.0008	0.0	56
385	0.0000000000	0.000000000000000	0.0	0	0.0	0.0008	0.0	56
386	0.0000000000	0.000000000000000	0.0	0	0.0	0.0008	0.0	56
387	0.0000000000	0.000000000000000	0.0	0	0.0	0.0008	0.0	56
388	0.0000000000	0.000000000000000	0.0	0	0.0	0.0008	0.0	56
389	0.0000000000	0.000000000000000	0.0	0	0.0	0.0008	0.0	56
390	0.0000000000	0.000000000000000	0.0	0	0.0	0.0008	0.0	56
391	0.0000000000	0.000000000000000	0.0	0	0.0	0.0008	0.0	56
392	0.0000000000	0.000000000000000	0.0	0	0.0	0.0008	0.0	56
393	0.0000000000	0.000000000000000	0.0	0	0.0	0.0008	0.0	56
394	0.0000000000	0.000000000000000	0.0	0	0.0	0.0008	0.0	56
395	0.0000000000	0.000000000000000	0.0	0	0.0	0.0008	0.0	56
396	0.0000000000	0.000000000000000	0.0	0	0.0	0.0008	0.0	56
397	0.0000000000	0.000000000000000	0.0	0	0.0	0.0008	0.0	56
398	0.0000000000	0.000000000000000	0.0	0	0.0	0.0008	0.0	56
399	0.0000000000	0.000000000000000	0.0	0	0.0	0.0008	0.0	56
400	0.0000000000	0.000000000000000	0.0	0	0.0	0.0008	0.0	56
401	0.0000000000	0.000000000000000	0.0	0	0.0	0.0008	0.0	56
402	0.0000000000	0.000000000000000	0.0	0	0.0	0.0008	0.0	56
403	0.0000000000	0.000000000000000	0.0	0	0.0	0.0008	0.0	56
404	0.0000000000	0.000000000000000	0.0	0	0.0	0.0008	0.0	56
405	0.0000000000	0.000000000000000	0.0	0	0.0	0.0008	0.0	56
406	0.0000000000	0.000000000000000	0.0	0	0.0	0.0008	0.0	56
407	0.0000000000	0.000000000000000	0.0	0	0.0	0.0008	0.0	56
408	0.0000000000	0.000000000000000	0.0	0	0.0	0.0008	0.0	56
409	0.0000000000	0.000000000000000	0.0	0	0.0	0.0008	0.0	56
410	0.0000000000	0.000000000000000	0.0	0	0.0	0.0008	0.0	56
411	0.0000000000	0.000000000000000	0.0	0	0.0	0.0008	0.0	56
412	0.0000000000	0.000000000000000	0.0	0	0.0	0.0008	0.0	56
413	0.0000000000	0.000000000000000	0.0	0	0.0	0.0008	0.0	56
414	0.0000000000	0.000000000000000	0.0	0	0.0	0.0008	0.0	56
415	0.0000000000	0.000000000000000	0.0	0	0.0	0.0008	0.0	56
416	0.0000000000	0.000000000000000	0.0	0	0.0	0.0008	0.0	56
417	0.0000000000	0.000000000000000	0.0	0	0.0	0.0008	0.0	56
418	0.0000000000	0.000000000000000	0.0	0	0.0	0.0008	0.0	56
419	0.0000000000	0.000000000000000	0.0	0	0.0	0.0008	0.0	56
420	0.0000000000	0.000000000000000	0.0	0	0.0	0.0008	0.0	56
421	0.0000000000	0.000000000000000	0.0	0	0.0	0.0008	0.0	56
422	0.0000000000	0.000000000000000	0.0	0	0.0	0.0008	0.0	56
423	0.0000000000	0.000000000000000	0.0	0	0.0	0.0008	0.0	56
424	0.0000000000	0.000000000000000	0.0	0	0.0	0.0008	0.0	56
425	0.0000000000	0.000000000000000	0.0	0	0.0	0.0008	0.0	56
426	0.0000000000	0.000000000000000	0.0	0	0.0	0.0008	0.0	56
427	0.0000000000	0.000000000000000	0.0	0	0.0	0.0008	0.0	56
428	0.0000000000	0.000000000000000	0.0	0	0.0	0.0008	0.0	56
429	0.0000000000	0.000000000000000	0.0	0	0.0	0.0008	0.0	56
430	0.0000000000	0.000000000000000	0.0	0	0.0	0.0008	0.0	56
431	0.0000000000	0.000000000000000	0.0	0	0.0	0.0008	0.0	56
432	0.0000000000	0.000000000000000	0.0	0	0.0	0.0008	0.0	56
433	0.0000000000	0.000000000000000	0.0	0	0.0	0.0008	0.0	56
434	0.0000000000	0.000000000000000	0.0	0	0.0	0.0008	0.0	56
435	0.0000000000	0.000000000000000	0.0	0	0.0	0.0008	0.0	56
436	0.0000000000	0.000000000000000	0.0	0	0.0	0.0008	0.0	56
437	0.0000000000	0.000000000000000	0.0	0	0.0	0.0008	0.0	56
438	0.0000000000	0.000000000000000	0.0	0	0.0	0.0008	0.0	56
439	0.0000000000	0.000000000000000	0.0	0	0.0	0.0008	0.0	56
440	0.0000000000	0.000000000000000	0.0	0	0.0	0.0008	0.0	56
441	0.0000000000	0.000000000000000	0.0	0	0.0	0.0008	0.0	56
442	0.0000000000	0.000000000000000	0.0	0	0.0	0.0008	0.0	56
443	0.0000000000	0.000000000000000	0.0	0	0.0	0.0008	0.0	56
444	0.0000000000	0.000000000000000	0.0	0	0.0	0.0008	0.0	56
445	0.0000000000	0.000000000000000	0.0	0	0.0	0.0008	0.0	56
446	0.0000000000	0.000000000000000	0.0	0	0.0	0.0008	0.0	56
447	0.0000000000	0.000000000000000	0.0	0	0.0	0.0008	0.0	56
448	0.0000000000	0.000000000000000	0.0	0	0.0	0.0008	0.0	56
449	0.0000000000	0.000000000000000	0.0	0	0.0	0.0008	0.0	56
450	0.0000000000	0.000000000000000	0.0	0	0.0	0.0008	0.0	56
451	0.0000000000	0.000000000000000	0.0	0	0.0	0.0008	0.0	56
452	0.0000000000	0.000000000000000	0.0	0	0.0	0.0008	0.0	56
453	0.0000000000	0.000000000000000	0.0	0	0.0	0.0008	0.0	56
454	0.0000000000	0.000000000000000	0.0	0	0.0	0.0008	0.0	56
455	0.0000000000	0.000000000000000	0.0	0	0.0	0.0008	0.0	56
456	0.0000000000	0.000000000000000	0.0	0	0.0	0.0008	0.0	56
457	0.0000000000	0.000000000000000	0.0	0	0.0	0.0008	0.0	56
458	0.0000000000	0.000000000000000	0.0	0	0.0	0.0008	0.0	56
459	0.0000000000	0.000000000000000	0.0	0	0.0	0.0008	0.0	56
460	0.0000000000	0.000000000000000	0.0	0	0.0	0.0008	0.0	56
461	0.0000000000	0.000000000000000	0.0	0	0.0	0.0008	0.0	56
462	0.0000000000	0.000000000000000	0.0	0	0.0	0.0008	0.0	56
463	0.0000000000	0.000000000000000	0.0	0	0.0	0.0008	0.0	56
464	0.0000000000	0.000000000000000	0.0	0	0.0	0.0008	0.0	56
465	0.0000000000	0.000000000000000	0.0	0	0.0	0.0008	0.0	56
466	0.0000000000	0.000000000000000	0.0	0	0.0	0.0008	0.0	56
467	0.0000000000	0.000000000000000	0.0	0	0.0	0.0008	0.0	56
468	0.0000000000	0.000000000000000	0.0	0	0.0	0.0008	0.0	56
469	0.0000000000	0.000000000000000	0.0	0	0.0	0.0008	0.0	56
470	0.0000000000	0.000000000000000	0.0	0	0.0	0.0008	0.0	56
471	0.0000000000	0.000000000000000	0.0	0	0.0	0.0008	0.0	56
472	0.0000000000	0.000000000000000	0.0	0	0.0	0.0008	0.0	56
473	0.0000000000	0.000000000000000	0.0	0	0.0	0.0008	0.0	56
474	0.0000000000	0.000000000000000	0.0	0	0.0	0.0008	0.0	56
475	0.0000000000	0.000000000000000	0.0	0	0.0	0.0008	0.0	56
476	0.0000000000	0.000000000000000	0.0	0	0.0	0.0008	0.0	56
477	0.0000000000	0.000000000000000	0.0	0	0.0	0.0008	0.0	56
478	0.0000000000	0.000000000000000	0.0	0	0.0	0.0008	0.0	56
479	0.0000000000	0.000000000000000	0.0	0	0.0	0.0008	0.0	56
480	0.0000000000	0.000000000000000	0.0	0	0.0	0.0008	0.0	56
481	0.0000000000	0.000000000000000	0.0	0	0.0	0.0008	0.0	56
482	0.0000000000	0.000000000000000	0.0	0	0.0	0.0008	0.0	56
483	0.0000000000	0.000000000000000	0.0	0	0.0	0.0008	0.0	56
484	0.0000000000	0.000000000000000	0.0	0	0.0	0.0008	0.0	56
485	0.0000000000	0.000000000000000	0.0	0	0.0	0.0008	0.0	56
486	0.0000000000	0.000000000000000	0.0	0	0.0	0.0008	0.0	56
487	0.0000000000	0.000000000000000	0.0	0	0.0	0.0008	0.0	56
488	0.0000000000	0.000000000000000	0.0	0	0.0	0.0008	0.0	56
489	0.0000000000	0.000000000000000	0.0	0	0.0	0.0008	0.0	56
490	0.0000000000	0.000000000000000	0.0	0	0.0	0.0008	0.0	56
491	0.0000000000	0.000000000000000	0.0	0	0.0	0.0008	0.0	56
492	0.0000000000	0.000000000000000	0.0	0	0.0	0.0008	0.0	56
493	0.0000000000	0.000000000000000	0.0	0	0.0	0.0008	0.0	56
494	0.0000000000	0.000000000000000	0.0	0	0.0	0.0008	0.0	56
495	0.0000000000	0.000000000000000	0.0	0	0.0	0.0008	0.0	56
496	0.0000000000	0.000000000000000	0.0	0	0.0	0.0008	0.0	56
497	0.0000000000	0.000000000000000	0.0	0	0.0	0.0008	0.0	56
498	0.0000000000	0.000000000000000	0.0	0	0.0	0.0008	0.0	56
499	0.0000000000	0.000000000000000	0.0	0	0.0	0.0008	0.0	56
500	0.0000000000	0.000000000000000	0.0	0	0.0	0.0008	0.0	56
501	0.0000000000	0.000000000000000	0.0	0	0.0	0.0008	0.0	56
502	0.0000000000	0.000000000000000	0.0	0	0.0	0.0008	0.0	56
503	0.0000000000	0.000000000000000	0.0	0	0.0	0.0008	0.0	56
504	0.0000000000	0.000000000000000	0.0	0	0.0	0.0008	0.0	56
505	0.0000000000	0.000000000000000	0.0	0	0.0	0.0008	0.0	56
506	0.0000000000	0.000000000000000	0.0	0	0.0	0.0008	0.0	56
507	0.0000000000	0.000000000000000	0.0	0	0.0	0.0008	0.0	56
508	0.0000000000	0.000000000000000	0.0	0	0.0	0.0008	0.0	56
509	0.0000000000	0.000000000000000	0.0	0	0.0	0.0008	0.0	56
510	0.0000000000	0.000000000000000	0.0	0	0.0	0.0008	0.0	56
511	0.0000000000	0.000000000000000	0.0	0	0.0	0.0008	0.0	56
512	0.0000000000	0.000000000000000	0.0	0	0.0	0.0008	0.0	56
513	0.0000000000	0.000000000000000	0.0	0	0.0	0.0008	0.0	56
514	0.0000000000	0.000000000000000	0.0	0	0.0	0.0008	0.0	56
515	0.0000000000	0.000000000000000	0.0	0	0.0	0.0008	0.0	56
516	0.0000000000	0.000000000000000	0.0	0	0.0	0.0008	0.0	56
517	0.0000000000	0.000000000000000	0.0	0	0.0	0.0008	0.0	56
518	0.0000000000	0.000000000000000	0.0	0	0.0	0.0008	0.0	56
519	0.0000000000	0.000000000000000	0.0	0	0.0	0.0008	0.0	56
520	0.0000000000	0.000000000000000	0.0	0	0.0	0.0008	0.0	56
521	0.0000000000	0.000000000000000	0.0	0	0.0	0.0008	0.0	56
522	0.0000000000	0.000000000000000	0.0	0	0.0	0.0008	0.0	56
523	0.0000000000	0.000000000000000	0.0	0	0.0	0.0008	0.0	56
524	0.0000000000	0.000000000000000	0.0	0	0.0	0.0008	0.0	56
525	0.0000000000	0.000000000000000	0.0	0	0.0	0.0008	0.0	56
526	0.0000000000	0.000000000000000	0.0	0	0.0	0.0008	0.0	56
527	0.0000000000	0.000000000000000	0.0	0	0.0	0.0008	0.0	56
528	0.0000000000	0.000000000000000	0.0	0	0.0	0.0008	0.0	56
529	0.0000000000	0.000000000000000	0.0	0	0.0	0.0008	0.0	56
530	0.0000000000	0.000000000000000	0.0	0	0.0	0.0008	0.0	56
531	0.0000000000	0.000000000000000	0.0	0	0.0	0.0008	0.0	56
532	0.0000000000	0.000000000000000	0.0	0	0.0	0.0008	0.0	56
533	0.0000000000	0.000000000000000	0.0	0	0.0	0.0008	0.0	56
534	0.0000000000	0.000000000000000	0.0	0	0.0	0.0008	0.0	56
535	0.0000000000	0.000000000000000	0.0	0	0.0	0.0008	0.0	56
536	0.0000000000	0.000000000000000	0.0	0	0.0	0.0008	0.0	56
537	0.0000000000	0.000000000000000	0.0	0	0.0	0.0008	0.0	56
538	0.0000000000	0.000000000000000	0.0	0	0.0	0.0008	0.0	56
539	0.0000000000	0.000000000000000	0.0	0	0.0	0.0008	0.0	56
540	0.0000000000	0.000000000000000	0.0	0	0.0	0.0008	0.0	56
541	0.0000000000	0.000000000000000	0.0	0	0.0	0.0008	0.0	56
542	0.0000000000	0.000000000000000	0.0	0	0.0	0.0008	0.0	56
543	0.0000000000	0.000000000000000	0.9580759551590026	1	0.001841620626151013	0.0008	0.0	56
544	0.0000000000	0.000000000000000	0.9580759551590026	1	0.001838235294117647	0.0008	0.0	56
545	0.0000000000	0.000000000000000	0.9580759551590026	1	0.001834862385321101	0.0008	0.0	56
546	0.0000000000	0.000000000000000	0.9580759551590026	1	0.0018315018315018315	0.0008	0.0	56
547	0.0000000000	0.000000000000000	0.9580759551590026	1	0.0018281535648994515	0.0008	0.0	56
548	0.0000000000	0.000000000000000	0.9580759551590026	1	0.0018248175182481751	0.0008	0.0	56
549	0.0000000000	0.000000000000000	0.9580759551590026	1	0.0018214936247723133	0.0008	0.0	56
550	0.0000000000	0.000000000000000	0.9580759551590026	1	0.0018181818181818182	0.0008	0.0	56
551	0.0000000000	0.000000000000000	0.9580759551590026	1	0.0018148820326678765	0.0008	0.0	56
552	0.0000000000	0.000000000000000	0.9580759551590026	1	0.0018115942028985507	0.0008	0.0	56
553	0.0000000000	0.000000000000000	0.9580759551590026	1	0.0018083182640144665	0.0008	0.0	56
554	0.0000000000	0.000000000000000	0.9580759551590026	1	0.0018050541516245488	0.0008	0.0	56
555	0.0000000000	0.000000000000000	0.9580759551590026	1	0.0018018018018018018	0.0008	0.0	56
556	0.0000000000	0.000000000000000	0.9580759551590026	1	0.0017985611510791368	0.0008	0.0	56
557	0.0000000000	0.000000000000000	0.9580759551590026	1	0.0017953321364452424	0.0008	0.0	56
558	0.0000000000	0.000000000000000	0.9580759551590026	1	0.0017921146953405018	0.0008	0.0	56
559	0.0000000000	0.000000000000000	0.9580759551590026	1	0.0017889087656529517	0.0008	0.0	56
560	0.0000000000	0.000000000000000	0.9580759551590026	1	0.0017857142857142857	0.0008	0.0	56
561	0.0000000000	0.000000000000000	0.9580759551590026	1	0.0017825311942959	0.0008	0.0	56
562	0.0000000000	0.000000000000000	0.9580759551590026	1	0.0017793594306049821	0.0008	0.0	56
563	0.0000000000	0.000000000000000	0.9580759551590026	1	0.0017761989342806395	0.0008	0.0	56
564	0.0000000000	0.000000000000000	0.9580759551590026	1	0.0017730496453900709	0.0008	0.0	56
565	0.0000000000	0.000000000000000	0.9580759551590026	1	0.0017699115044247787	0.0008	0.0	56
566	0.0000000000	0.000000000000000	0.9580759551590026	1	0.0017667844522968198	0.0008	0.0	56
567	0.0000000000	0.000000000000000	0.9580759551590026	1	0.001763668430335097	0.0008	0.0	56
568	0.0000000000	0.000000000000000	0.9580759551590026	1	0.0017605633802816902	0.0008	0.0	56
569	0.0000000000	0.000000000000000	0.9580759551590026	1	0.0017574692442882249	0.0008	0.0	56
570	0.0000000000	0.000000000000000	0.9580759551590026	1	0.0017543859649122807	0.0008	0.0	56
571	0.0000000000	0.000000000000000	0.9580759551590026	1	0.0017513134851138354	0.0008	0.0	56
572	0.0000000000	0.000000000000000	0.9580759551590026	1	0.0017482517482517483	0.0008	0.0	56
573	0.0000000000	0.000000000000000	0.9580759551590026	1	0.0017452006980802793	0.0008	0.0	56
574	0.0000000000	0.000000000000000	0.9580759551590026	1	0.0017421602787456446	0.0008	0.0	56
575	0.0000000000	0.000000000000000	0.9580759551590026	1	0.0017391304347826088	0.0008	0.0	56
576	0.0000000000	0.000000000000000	0.9580759551590026	1	0.001736111111111111	0.0008	0.0	56
577	0.0000000000	0.000000000000000	0.9580759551590026	1	0.0017331022530329288	0.0008	0.0	56
578	0.0000000000	0.000000000000000	0.9580759551590026	1	0.0017301038062283738	0.0008	0.0	56
579	0.0000000000	0.000000000000000	0.9580759551590026	1	0.0017271157167530224	0.0008	0.0	56
580	0.0000000000	0.000000000000000	0.9580759551590026	1	0.0017241379310344827	0.0008	0.0	56
581	0.0000000000	0.000000000000000	0.9580759551590026	1	0.0017211703958691911	0.0008	0.0	56
582	0.0000000000	0.000000000000000	0.9580759551590026	1	0.001718213058419244	0.0008	0.0	56
583	0.0000000000	0.000000000000000	0.9580759551590026	1	0.0017152658662092624	0.0008	0.0	56
584	0.0000000000	0.000000000000000	0.9580759551590026	1	0.0017123287671232876	0.0008	0.0	56
585	0.0000000000	0.000000000000000	0.9580759551590026	1	0.0017094017094017094	0.0008	0.0	56
586	0.0000000000	0.000000000000000	0.9580759551590026	1	0.0017064846416382253	0.0008	0.0	56
587	0.0000000000	0.000000000000000	0.9580759551590026	1	0.0017035775127768314	0.0008	0.0	56
588	0.0000000000	0.000000000000000	0.9580759551590026	1	0.0017006802721088435	0.0008	0.0	56
589	0.0000000000	0.000000000000000	0.9580759551590026	1	0.001697792869269949	0.0008	0.0	56
590	0.0000000000	0.000000000000000	0.9580759551590026	1	0.001694915254237288	0.0008	0.0	56
591	0.0000000000	0.000000000000000	0.9580759551590026	1	0.001692047377326565	0.0008	0.0	56
592	0.0000000000	0.000000000000000	0.9580759551590026	1	0.0016891891891891893	0.0008	0.0	56
593	0.0000000000	0.000000000000000	0.9580759551590026	1	0.0016863406408094434	0.0008	0.0	56
594	0.0000000000	0.000000000000000	0.9580759551590026	1	0.0016835016835016834	0.0008	0.0	56
595	0.0000000000	0.000000000000000	0.9580759551590026	1	0.0016806722689075631	0.0008	0.0	56
596	0.0000000000	0.000000000000000	0.9580759551590026	1	0.0016778523489932886	0.0008	0.0	56
597	0.0000000000	0.000000000000000	0.9580759551590026	1	0.0016750418760469012	0.0008	0.0	56
598	0.0000000000	0.000000000000000	0.9580759551590026	1	0.0016722408026755853	0.0008	0.0	56
599	0.0000000000	0.000000000000000	0.9580759551590026	1	0.001669449081803005	0.0008	0.0	56
600	0.0000000000	0.000000000000000	0.9580759551590026	1	0.0016666666666666668	0.0008	0.0	56
601	0.0000000000	0.000000000000000	0.9580759551590026	1	0.0016638935108153079	0.0008	0.0	56
602	0.0000000000	0.000000000000000	0.9580759551590026	1	0.0016611295681063123	0.0008	0.0	56
603	0.0000000000	0.000000000000000	0.9580759551590026	1	0.001658374792703151	0.0008	0.0	56
604	0.0000000000	0.000000000000000	0.9580759551590026	1	0.0016556291390728477	0.0008	0.0	56
605	0.0000000000	0.000000000000000	0.9580759551590026	1	0.001652892561983471	0.0008	0.0	56
606	0.0000000000	0.000000000000000	0.9580759551590026	1	0.0016501650165016502	0.0008	0.0	56
607	0.0000000000	0.000000000000000	0.9580759551590026	1	0.0016474464579901153	0.0008	0.0	56
608	0.0000000000	0.000000000000000	0.9580759551590026	1	0.001644736842105263	0.0008	0.0	56
609	0.0000000000	0.000000000000000	0.9580759551590026	1	0.0016420361247947454	0.0008	0.0	56
610	0.0000000000	0.000000000000000	0.9580759551590026	1	0.001639344262295082	0.0008	0.0	56
611	0.0000000000	0.000000000000000	0.9580759551590026	1	0.0016366612111292963	0.0008	0.0	56
612	0.0000000000	0.000000000000000	0.9580759551590026	1	0.0016339869281045752	0.0008	0.0	56
613	0.0000000000	0.000000000000000	0.9580759551590026	1	0.0016313213703099511	0.0008	0.0	56
614	0.0000000000	0.000000000000000	0.9580759551590026	1	0.0016286644951140066	0.0008	0.0	56
615	0.0000000000	0.000000000000000	0.9580759551590026	1	0.0016260162601626016	0.0008	0.0	56
616	0.0000000000	0.000000000000000	0.9580759551590026	1	0.0016233766233766235	0.0008	0.0	56
617	0.0000000000	0.000000000000000	0.9580759551590026	1	0.0016207455429497568	0.0008	0.0	56
618	0.0000000000	0.000000000000000	0.9580759551590026	1	0.0016181229773462784	0.0008	0.0	56
619	0.0000000000	0.000000000000000	0.9580759551590026	1	0.0016155088852988692	0.0008	0.0	56
620	0.0000000000	0.000000000000000	0.9580759551590026	1	0.0016129032258064516	0.0008	0.0	56
621	0.0000000000	0.000000000000000	0.9580759551590026	1	0.001610305958132045	0.0008	0.0	56
622	0.0000000000	0.000000000000000	0.9580759551590026	1	0.001607717041800643	0.0008	0.0	56
623	0.0000000000	0.000000000000000	0.9580759551590026	1	0.0016051364365971107	0.0008	0.0	56
624	0.0000000000	0.000000000000000	0.9580759551590026	1	0.0016025641025641025	0.0008	0.0	56
625	0.0000000000	0.000000000000000	0.9580759551590026	1	0.0016	0.0008	0.0	56
626	0.0000000000	0.000000000000000	0.9580759551590026	1	0.001597444089456869	0.0008	0.0	56
627	0.0000000000	0.000000000000000	0.9580759551590026	1	0.001594896331738437	0.0008	0.0	56
628	0.0000000000	0.000000000000000	0.9580759551590026	1	0.0015923566878980893	0.0008	0.0	56
629	0.0000000000	0.000000000000000	0.9580759551590026	1	0.001589825119236884	0.0008	0.0	56
630	0.0000000000	0.000000000000000	0.9580759551590026	1	0.0015873015873015873	0.0008	0.0	56
631	0.0000000000	0.000000000000000	0.9580759551590026	1	0.001584786053882726	0.0008	0.0	56
632	0.0000000000	0.000000000000000	0.9580759551590026	1	0.0015822784810126582	0.0008	0.0	56
633	0.0000000000	0.000000000000000	0.9580759551590026	1	0.001579778830963665	0.0008	0.0	56
634	0.0000000000	0.000000000000000	0.9580759551590026	1	0.0015772870662460567	0.0008	0.0	56
635	0.0000000000	0.000000000000000	0.9580759551590026	1	0.0015748031496062992	0.0008	0.0	56
636	0.0000000000	0.000000000000000	0.9580759551590026	1	0.0015723270440251573	0.0008	0.0	56
637	0.0000000000	0.000000000000000	0.9580759551590026	1	0.0015698587127158557	0.0008	0.0	56
638	0.0000000000	0.000000000000000	0.9580759551590026	1	0.001567398119122257	0.0008	0.0	56
639	0.0000000000	0.000000000000000	0.9580759551590026	1	0.001564945226917058	0.0008	0.0	56
640	0.0000000000	0.000000000000000	0.9580759551590026	1	0.0015625	0.0008	0.0	56
641	0.0000000000	0.000000000000000	0.9580759551590026	1	0.0015600624024961	0.0008	0.0	56
642	0.0000000000	0.000000000000000	0.9580759551590026	1	0.001557632398753894	0.0008	0.0	56
643	0.0000000000	0.000000000000000	0.9580759551590026	1	0.0015552099533437014	0.0008	0.0	56
644	0.0000000000	0.000000000000000	0.9580759551590026	1	0.0015527950310559005	0.0008	0.0	56
645	0.0000000000	0.000000000000000	0.9580759551590026	1	0.0015503875968992248	0.0008	0.0	56
646	0.0000000000	0.000000000000000	0.9580759551590026	1	0.0015479876160990713	0.0008	0.0	56
647	0.0000000000	0.000000000000000	0.9580759551590026	1	0.0015455950540958269	0.0008	0.0	56
648	0.0000000000	0.000000000000000	0.9580759551590026	1	0.0015432098765432098	0.0008	0.0	56
649	0.0000000000	0.000000000000000	0.9580759551590026	1	0.0015408320493066256	0.0008	0.0	56
650	0.0000000000	0.000000000000000	0.9580759551590026	1	0.0015384615384615385	0.0008	0.0	56
651	0.0000000000	0.000000000000000	0.9580759551590026	1	0.0015360983102918587	0.0008	0.0	56
652	0.0000000000	0.000000000000000	0.9580759551590026	1	0.0015337423312883436	0.0008	0.0	56
653	0.0000000000	0.000000000000000	0.9580759551590026	1	0.0015313935681470138	0.0008	0.0	56
654	0.0000000000	0.000000000000000	0.9580759551590026	1	0.0015290519877675841	0.0008	0.0	56
655	0.0000000000	0.000000000000000	0.9580759551590026	1	0.0015267175572519084	0.0008	0.0	56
656	0.0000000000	0.000000000000000	0.9580759551590026	1	0.001524390243902439	0.0008	0.0	56
657	0.0000000000	0.000000000000000	0.9580759551590026	1	0.0015220700152207	0.0008	0.0	56
658	0.0000000000	0.000000000000000	0.9580759551590026	1	0.001519756838905775	0.0008	0.0	56
659	0.0000000000	0.000000000000000	0.9580759551590026	1	0.0015174506828528073	0.0008	0.0	56
660	0.0000000000	0.000000000000000	0.9580759551590026	1	0.0015151515151515152	0.0008	0.0	56
661	0.0000000000	0.000000000000000	0.9580759551590026	1	0.0015128593040847202	0.0008	0.0	56
662	0.0000000000	0.000000000000000	0.9580759551590026	1	0.0015105740181268882	0.0008	0.0	56
663	0.0000000000	0.000000000000000	0.9580759551590026	1	0.0015082956259426848	0.0008	0.0	56
664	0.0000000000	0.000000000000000	0.9580759551590026	1	0.0015060240963855422	0.0008	0.0	56
665	0.0000000000	0.000000000000000	0.9580759551590026	1	0.0015037593984962407	0.0008	0.0	56
666	0.0000000000	0.000000000000000	0.9580759551590026	1	0.0015015015015015015	0.0008	0.0	56
667	0.0000000000	0.000000000000000	0.9580759551590026	1	0.0014992503748125937	0.0008	0.0	56
668	0.0000000000	0.000000000000000	0.9580759551590026	1	0.0014970059880239522	0.0008	0.0	56
669	0.0000000000	0.000000000000000	0.9580759551590026	1	0.0014947683109118087	0.0008	0.0	56
670	0.0000000000	0.000000000000000	0.9580759551590026	1	0.0014925373134328358	0.0008	0.0	56
671	0.0000000000	0.000000000000000	0.9580759551590026	1	0.0014903129657228018	0.0008	0.0	56
672	0.0000000000	0.000000000000000	0.9580759551590026	1	0.001488095238095238	0.0008	0.0	56
673	0.0000000000	0.000000000000000	0.9580759551590026	1	0.0014858841010401188	0.0008	0.0	56
674	0.0000000000	0.000000000000000	0.9580759551590026	1	0.001483679525222552	0.0008	0.0	56
675	0.0000000000	0.000000000000000	0.9580759551590026	1	0.0014814814814814814	0.0008	0.0	56
676	0.0000000000	0.000000000000000	0.9580759551590026	1	0.0014792899408284023	0.0008	0.0	56
677	0.0000000000	0.000000000000000	0.9580759551590026	1	0.0014771048744460858	0.0008	0.0	56
678	0.0000000000	0.000000000000000	0.9580759551590026	1	0.0014749262536873156	0.0008	0.0	56
679	0.0000000000	0.000000000000000	0.9580759551590026	1	0.0014727540500736377	0.0008	0.0	56
680	0.0000000000	0.000000000000000	0.9580759551590026	1	0.0014705882352941176	0.0008	0.0	56
681	0.0000000000	0.000000000000000	0.9580759551590026	1	0.0014684287812041115	0.0008	0.0	56
682	0.0000000000	0.000000000000000	0.9580759551590026	1	0.001466275659824047	0.0008	0.0	56
683	0.0000000000	0.000000000000000	0.9580759551590026	1	0.0014641288433382138	0.0008	0.0	56
684	0.0000000000	0.000000000000000	0.9580759551590026	1	0.0014619883040935672	0.0008	0.0	56
685	0.0000000000	0.000000000000000	0.9580759551590026	1	0.00145985401459854	0.0008	0.0	56
686	0.0000000000	0.000000000000000	0.9580759551590026	1	0.0014577259475218659	0.0008	0.0	56
687	0.0000000000	0.000000000000000	0.9580759551590026	1	0.001455604075691412	0.0008	0.0	56
688	0.0000000000	0.000000000000000	0.9580759551590026	1	0.0014534883720930232	0.0008	0.0	56
689	0.0000000000	0.000000000000000	0.9580759551590026	1	0.001451378809869376	0.0008	0.0	56
690	0.0000000000	0.000000000000000	0.9580759551590026	1	0.0014492753623188406	0.0008	0.0	56
691	0.0000000000	0.000000000000000	0.9580759551590026	1	0.001447178002894356	0.0008	0.0	56
692	0.0000000000	0.000000000000000	0.9580759551590026	1	0.001445086705202312	0.0008	0.0	56
693	0.0000000000	0.000000000000000	0.9580759551590026	1	0.001443001443001443	0.0008	0.0	56
694	0.0000000000	0.000000000000000	0.9580759551590026	1	0.001440922190201729	0.0008	0.0	56
695	0.0000000000	0.000000000000000	0.9580759551590026	1	0.0014388489208633094	0.0008	0.0	56
696	0.0000000000	0.000000000000000	0.9580759551590026	1	0.0014367816091954023	0.0008	0.0	56
697	0.0000000000	0.000000000000000	0.9580759551590026	1	0.0014347202295552368	0.0008	0.0	56
698	0.0000000000	0.000000000000000	0.9580759551590026	1	0.0014326647564469914	0.0008	0.0	56
699	0.0000000000	0.000000000000000	0.9580759551590026	1	0.001430615164520744	0.0008	0.0	56
700	0.0000000000	0.000000000000000	0.9580759551590026	1	0.0014285714285714286	0.0008	0.0	56
701	0.0000000000	0.000000000000000	0.9580759551590026	1	0.0014265335235378032	0.0008	0.0	56
702	0.0000000000	0.000000000000000	0.9580759551590026	1	0.0014245014245014246	0.0008	0.0	56
703	0.0000000000	0.000000000000000	0.9580759551590026	1	0.001422475106685633	0.0008	0.0	56
704	0.0000000000	0.000000000000000	0.9580759551590026	1	0.0014204545454545455	0.0008	0.0	56
705	0.0000000000	0.000000000000000	0.9580759551590026	1	0.0014184397163120568	0.0008	0.0	56
706	0.0000000000	0.000000000000000	0.9580759551590026	1	0.00141643059490085	0.0008	0.0	56
707	0.0000000000	0.000000000000000	0.9580759551590026	1	0.0014144271570014145	0.0008	0.0	56
708	0.0000000000	0.000000000000000	0.9580759551590026	1	0.0014124293785310734	0.0008	0.0	56
709	0.0000000000	0.000000000000000	0.9580759551590026	1	0.0014104372355430183	0.0008	0.0	56
710	0.0000000000	0.000000000000000	0.9580759551590026	1	0.0014084507042253522	0.0008	0.0	56
711	0.0000000000	0.000000000000000	0.9580759551590026	1	0.0014064697609001407	0.0008	0.0	56
712	0.0000000000	0.000000000000000	0.9580759551590026	1	0.0014044943820224719	0.0008	0.0	56
713	0.0000000000	0.000000000000000	0.9580759551590026	1	0.001402524544179523	0.0008	0.0	56
714	0.0000000000	0.000000000000000	0.9580759551590026	1	0.0014005602240896359	0.0008	0.0	56
715	0.0000000000	0.000000000000000	0.9580759551590026	1	0.0013986013986013986	0.0008	0.0	56
716	0.0000000000	0.000000000000000	0.9580759551590026	1	0.0013966480446927375	0.0008	0.0	56
717	0.0000000000	0.000000000000000	0.9580759551590026	1	0.001394700139470014	0.0008	0.0	56
718	0.0000000000	0.000000000000000	0.9580759551590026	1	0.001392757660167131	0.0008	0.0	56
719	0.0000000000	0.000000000000000	0.9580759551590026	1	0.0013908205841446453	0.0008	0.0	56
720	0.0000000000	0.000000000000000	0.9580759551590026	1	0.001388888888888889	0.0008	0.0	56
721	0.0000000000	0.000000000000000	0.9580759551590026	1	0.0013869625520110957	0.0008	0.0	56
722	0.0000000000	0.000000000000000	0.9580759551590026	1	0.0013850415512465374	0.0008	0.0	56
723	0.0000000000	0.000000000000000	0.9580759551590026	1	0.0013831258644536654	0.0008	0.0	56
724	0.0000000000	0.000000000000000	0.9580759551590026	1	0.0013812154696132596	0.0008	0.0	56
725	0.0000000000	0.000000000000000	0.9580759551590026	1	0.001379310344827586	0.0008	0.0	56
726	0.0000000000	0.000000000000000	0.9580759551590026	1	0.0013774104683195593	0.0008	0.0	56
727	0.0000000000	0.000000000000000	0.9580759551590026	1	0.001375515818431912	0.0008	0.0	56
728	0.0000000000	0.000000000000000	0.9580759551590026	1	0.0013736263736263737	0.0008	0.0	56
729	0.0000000000	0.000000000000000	0.9580759551590026	1	0.0013717421124828531	0.0008	0.0	56
730	0.0000000000	0.000000000000000	0.9580759551590026	1	0.0013698630136986301	0.0008	0.0	56
731	0.0000000000	0.000000000000000	0.9580759551590026	1	0.0013679890560875513	0.0008	0.0	56
732	0.0000000000	0.000000000000000	0.9580759551590026	1	0.001366120218579235	0.0008	0.0	56
733	0.0000000000	0.000000000000000	0.9580759551590026	1	0.001364256480218281	0.0008	0.0	56
734	0.0000000000	0.000000000000000	0.9580759551590026	1	0.0013623978201634877	0.0008	0.0	56
735	0.0000000000	0.000000000000000	0.9580759551590026	1	0.0013605442176870747	0.0008	0.0	56
736	0.0000000000	0.000000000000000	0.9580759551590026	1	0.001358695652173913	0.0008	0.0	56
737	0.0000000000	0.000000000000000	0.9580759551590026	1	0.0013568521031207597	0.0008	0.0	56
738	0.0000000000	0.000000000000000	0.9580759551590026	1	0.0013550135501355014	0.0008	0.0	56
739	0.0000000000	0.000000000000000	0.9580759551590026	1	0.0013531799729364006	0.0008	0.0	56
740	0.0000000000	0.000000000000000	0.9580759551590026	1	0.0013513513513513514	0.0008	0.0	56
741	0.0000000000	0.000000000000000	0.9580759551590026	1	0.001349527665317139	0.0008	0.0	56
742	0.0000000000	0.000000000000000	0.9580759551590026	1	0.0013477088948787063	0.0008	0.0	56
743	0.0000000000	0.000000000000000	0.9580759551590026	1	0.0013458950201884253	0.0008	0.0	56
744	0.0000000000	0.000000000000000	0.9580759551590026	1	0.0013440860215053765	0.0008	0.0	56
745	0.0000000000	0.000000000000000	0.9580759551590026	1	0.0013422818791946308	0.0008	0.0	56
746	0.0000000000	0.000000000000000	0.9580759551590026	1	0.0013404825737265416	0.0008	0.0	56
747	0.0000000000	0.000000000000000	0.9580759551590026	1	0.0013386880856760374	0.0008	0.0	56
748	0.0000000000	0.000000000000000	0.9580759551590026	1	0.001336898395721925	0.0008	0.0	56
749	0.0000000000	0.000000000000000	0.9580759551590026	1	0.0013351134846461949	0.0008	0.0	56
750	0.0000000000	0.000000000000000	0.9580759551590026	1	0.0013333333333333333	0.0008	0.0	56
751	0.0000000000	0.000000000000000	0.9580759551590026	1	0.0013315579227696406	0.0008	0.0	56
752	0.0000000000	0.000000000000000	0.9580759551590026	1	0.0013297872340425532	0.0008	0.0	56
753	0.0000000000	0.000000000000000	0.9580759551590026	1	0.0013280212483399733	0.0008	0.0	56
754	0.0000000000	0.000000000000000	0.9580759551590026	1	0.001326259946949602	0.0008	0.0	56
755	0.0000000000	0.000000000000000	0.9580759551590026	1	0.0013245033112582781	0.0008	0.0	56
756	0.0000000000	0.000000000000000	0.9580759551590026	1	0.0013227513227513227	0.0008	0.0	56
757	0.0000000000	0.000000000000000	0.9580759551590026	1	0.001321003963011889	0.0008	0.0	56
758	0.0000000000	0.000000000000000	0.9580759551590026	1	0.0013192612137203166	0.0008	0.0	56
759	0.0000000000	0.000000000000000	0.9580759551590026	1	0.0013175230566534915	0.0008	0.0	56
760	0.0000000000	0.000000000000000	0.9580759551590026	1	0.0013157894736842105	0.0008	0.0	56
761	0.0000000000	0.000000000000000	0.9580759551590026	1	0.001314060446780552	0.0008	0.0	56
762	0.0000000000	0.000000000000000	0.9580759551590026	1	0.0013123359580052493	0.0008	0.0	56
763	0.0000000000	0.000000000000000	0.9580759551590026	1	0.001310615989515072	0.0008	0.0	56
764	0.0000000000	0.000000000000000	0.9580759551590026	1	0.0013089005235602095	0.0008	0.0	56
765	0.0000000000	0.000000000000000	0.9580759551590026	1	0.00130718954248366	0.0008	0.0	56
766	0.0000000000	0.000000000000000	0.9580759551590026	1	0.0013054830287206266	0.0008	0.0	56
767	0.0000000000	0.000000000000000	0.9580759551590026	1	0.001303780964797914	0.0008	0.0	56
768	0.0000000000	0.000000000000000	0.9580759551590026	1	0.0013020833333333333	0.0008	0.0	56
769	0.0000000000	0.000000000000000	0.9580759551590026	1	0.0013003901170351106	0.0008	0.0	56
770	0.0000000000	0.000000000000000	0.9580759551590026	1	0.0012987012987012987	0.0008	0.0	56
771	0.0000000000	0.000000000000000	0.9580759551590026	1	0.0012970168612191958	0.0008	0.0	56
772	0.0000000000	0.000000000000000	0.9580759551590026	1	0.0012953367875647669	0.0008	0.0	56
773	0.0000000000	0.000000000000000	0.9580759551590026	1	0.00129366106080207	0.0008	0.0	56
774	0.0000000000	0.000000000000000	0.9580759551590026	1	0.0012919896640826874	0.0008	0.0	56
775	0.0000000000	0.000000000000000	0.9580759551590026	1	0.0012903225806451613	0.0008	0.0	56
776	0.0000000000	0.000000000000000	0.9580759551590026	1	0.001288659793814433	0.0008	0.0	56
777	0.0000000000	0.000000000000000	0.9580759551590026	1	0.001287001287001287	0.0008	0.0	56
778	0.0000000000	0.000000000000000	0.9580759551590026	1	0.0012853470437017994	0.0008	0.0	56
779	0.0000000000	0.000000000000000	0.9580759551590026	1	0.0012836970474967907	0.0008	0.0	56
780	0.0000000000	0.000000000000000	0.9580759551590026	1	0.001282051282051282	0.0008	0.0	56
781	0.0000000000	0.000000000000000	0.9580759551590026	1	0.0012804097311139564	0.0008	0.0	56
782	0.0000000000	0.000000000000000	0.9580759551590026	1	0.0012787723785166241	0.0008	0.0	56
783	0.0000000000	0.000000000000000	0.9580759551590026	1	0.001277139208173691	0.0008	0.0	56
784	0.0000000000	0.000000000000000	0.9580759551590026	1	0.0012755102040816326	0.0008	0.0	56
785	0.0000000000	0.000000000000000	0.9580759551590026	1	0.0012738853503184713	0.0008	0.0	56
786	0.0000000000	0.000000000000000	0.9580759551590026	1	0.001272264631043257	0.0008	0.0	56
787	0.0000000000	0.000000000000000	0.9580759551590026	1	0.0012706480304955528	0.0008	0.0	56
788	0.0000000000	0.000000000000000	0.9580759551590026	1	0.0012690355329949238	0.0008	0.0	56
789	0.0000000000	0.000000000000000	0.9580759551590026	1	0.0012674271229404308	0.0008	0.0	56
790	0.0000000000	0.000000000000000	0.9580759551590026	1	0.0012658227848101266	0.0008	0.0	56
791	0.0000000000	0.000000000000000	0.9580759551590026	1	0.0012642225031605564	0.0008	0.0	56
792	0.0000000000	0.000000000000000	0.9580759551590026	1	0.0012626262626262627	0.0008	0.0	56
793	0.0000000000	0.000000000000000	0.9580759551590026	1	0.0012610340479192938	0.0008	0.0	56
794	0.0000000000	0.000000000000000	0.9580759551590026	1	0.0012594458438287153	0.0008	0.0	56
795	0.0000000000	0.000000000000000	0.9580759551590026	1	0.0012578616352201257	0.0008	0.0	56
796	0.0000000000	0.000000000000000	0.9580759551590026	1	0.001256281407035176	0.0008	0.0	56
797	0.0000000000	0.000000000000000	0.9580759551590026	1	0.0012547051442910915	0.0008	0.0	56
798	0.0000000000	0.000000000000000	0.9580759551590026	1	0.0012531328320802004	0.0008	0.0	56
799	0.0000000000	0.000000000000000	0.9580759551590026	1	0.0012515644555694619	0.0008	0.0	56
800	0.0000000000	0.000000000000000	0.9580759551590026	1	0.00125	0.0008	0.0	56
801	0.0000000000	0.000000000000000	0.9580759551590026	1	0.0012484394506866417	0.0008	0.0	56
802	0.0000000000	0.000000000000000	0.9580759551590026	1	0.0012468827930174563	0.0008	0.0	56
803	0.0000000000	0.000000000000000	0.9580759551590026	1	0.0012453300124533001	0.0008	0.0	56
804	0.0000000000	0.000000000000000	0.9580759551590026	1	0.0012437810945273632	0.0008	0.0	56
805	0.0000000000	0.000000000000000	0.9580759551590026	1	0.0012422360248447205	0.0008	0.0	56
806	0.0000000000	0.000000000000000	0.9580759551590026	1	0.0012406947890818859	0.0008	0.0	56
807	0.0000000000	0.000000000000000	0.9580759551590026	1	0.0012391573729863693	0.0008	0.0	56
808	0.0000000000	0.000000000000000	0.9580759551590026	1	0.0012376237623762376	0.0008	0.0	56
809	0.0000000000	0.000000000000000	0.9580759551590026	1	0.0012360939431396785	0.0008	0.0	56
810	0.0000000000	0.000000000000000	0.9580759551590026	1	0.0012345679012345679	0.0008	0.0	56
811	0.0000000000	0.000000000000000	0.9580759551590026	1	0.0012330456226880395	0.0008	0.0	56
812	0.0000000000	0.000000000000000	0.9580759551590026	1	0.0012315270935960591	0.0008	0.0	56
813	0.0000000000	0.000000000000000	0.9580759551590026	1	0.0012300123001230013	0.0008	0.0	56
814	0.0000000000	0.000000000000000	0.9580759551590026	1	0.0012285012285012285	0.0008	0.0	56
815	0.0000000000	0.000000000000000	0.9580759551590026	1	0.001226993865030675	0.0008	0.0	56
816	0.0000000000	0.000000000000000	0.9580759551590026	1	0.0012254901960784314	0.0008	0.0	56
817	0.0000000000	0.000000000000000	0.9580759551590026	1	0.0012239902080783353	0.0008	0.0	56
818	0.0000000000	0.000000000000000	0.9580759551590026	1	0.0012224938875305623	0.0008	0.0	56
819	0.0000000000	0.000000000000000	0.9580759551590026	1	0.001221001221001221	0.0008	0.0	56
820	0.0000000000	0.000000000000000	0.9580759551590026	1	0.0012195121951219512	0.0008	0.0	56
821	0.0000000000	0.000000000000000	0.9580759551590026	1	0.001218026796589525	0.0008	0.0	56
822	0.0000000000	0.000000000000000	0.9580759551590026	1	0.0012165450121654502	0.0008	0.0	56
823	0.0000000000	0.000000000000000	0.9580759551590026	1	0.001215066828675577	0.0008	0.0	56
824	0.0000000000	0.000000000000000	0.9580759551590026	1	0.0012135922330097086	0.0008	0.0	56
825	0.0000000000	0.000000000000000	0.9580759551590026	1	0.0012121212121212121	0.0008	0.0	56
826	0.0000000000	0.000000000000000	0.9580759551590026	1	0.0012106537530266344	0.0008	0.0	56
827	0.0000000000	0.000000000000000	0.9580759551590026	1	0.0012091898428053204	0.0008	0.0	56
828	0.0000000000	0.000000000000000	0.9580759551590026	1	0.0012077294685990338	0.0008	0.0	56
829	0.0000000000	0.000000000000000	0.9580759551590026	1	0.0012062726176115801	0.0008	0.0	56
830	0.0000000000	0.000000000000000	0.9580759551590026	1	0.0012048192771084338	0.0008	0.0	56
831	0.0000000000	0.000000000000000	0.9580759551590026	1	0.0012033694344163659	0.0008	0.0	56
832	0.0000000000	0.000000000000000	0.9580759551590026	1	0.001201923076923077	0.0008	0.0	56
833	0.0000000000	0.000000000000000	0.9580759551590026	1	0.0012004801920768306	0.0008	0.0	56
834	0.0000000000	0.000000000000000	0.9580759551590026	1	0.001199040767386091	0.0008	0.0	56
835	0.0000000000	0.000000000000000	0.9580759551590026	1	0.0011976047904191617	0.0008	0.0	56
836	0.0000000000	0.000000000000000	0.9580759551590026	1	0.0011961722488038277	0.0008	0.0	56
837	0.0000000000	0.000000000000000	0.9580759551590026	1	0.0011947431302270011	0.0008	0.0	56
838	0.0000000000	0.000000000000000	0.9580759551590026	1	0.0011933174224343676	0.0008	0.0	56
839	0.0000000000	0.000000000000000	0.9580759551590026	1	0.0011918951132300357	0.0008	0.0	56
840	0.0000000000	0.000000000000000	0.9580759551590026	1	0.0011904761904761906	0.0008	0.0	56
841	0.0000000000	0.000000000000000	0.9580759551590026	1	0.0011890606420927466	0.0008	0.0	56
842	0.0000000000	0.000000000000000	0.9580759551590026	1	0.0011876484560570072	0.0008	0.0	56
843	0.0000000000	0.000000000000000	0.9580759551590026	1	0.0011862396204033216	0.0008	0.0	56
844	0.0000000000	0.000000000000000	0.9580759551590026	1	0.001184834123222749	0.0008	0.0	56
845	0.0000000000	0.000000000000000	0.9580759551590026	1	0.001183431952662722	0.0008	0.0	56
846	0.0000000000	0.000000000000000	0.9580759551590026	1	0.001182033096926714	0.0008	0.0	56
847	0.0000000000	0.000000000000000	0.9580759551590026	1	0.0011806375442739079	0.0008	0.0	56
848	0.0000000000	0.000000000000000	0.9580759551590026	1	0.0011792452830188679	0.0008	0.0	56
849	0.0000000000	0.000000000000000	0.9580759551590026	1	0.001177856301531213	0.0008	0.0	56
850	0.0000000000	0.000000000000000	0.9580759551590026	1	0.001176470588235294	0.0008	0.0	56
851	0.0000000000	0.000000000000000	0.9580759551590026	1	0.0011750881316098707	0.0008	0.0	56
852	0.0000000000	0.000000000000000	0.9580759551590026	1	0.0011737089201877935	0.0008	0.0	56
853	0.0000000000	0.000000000000000	0.9580759551590026	1	0.0011723329425556857	0.0008	0.0	56
854	0.0000000000	0.000000000000000	0.9580759551590026	1	0.00117096018735363	0.0008	0.0	56
855	0.0000000000	0.000000000000000	0.9580759551590026	1	0.0011695906432748538	0.0008	0.0	56
856	0.0000000000	0.000000000000000	0.9580759551590026	1	0.0011682242990654205	0.0008	0.0	56
857	0.0000000000	0.000000000000000	0.9580759551590026	1	0.0011668611435239206	0.0008	0.0	56
858	0.0000000000	0.000000000000000	0.9580759551590026	1	0.0011655011655011655	0.0008	0.0	56
859	0.0000000000	0.000000000000000	0.9580759551590026	1	0.0011641443538998836	0.0008	0.0	56
860	0.0000000000	0.000000000000000	0.9580759551590026	1	0.0011627906976744186	0.0008	0.0	56
861	0.0000000000	0.000000000000000	0.9580759551590026	1	0.0011614401858304297	0.0008	0.0	56
862	0.0000000000	0.000000000000000	0.9580759551590026	1	0.001160092807424594	0.0008	0.0	56
863	0.0000000000	0.000000000000000	0.9580759551590026	1	0.0011587485515643105	0.0008	0.0	56
864	0.0000000000	0.000000000000000	0.9580759551590026	1	0.0011574074074074073	0.0008	0.0	56
865	0.0000000000	0.000000000000000	0.9580759551590026	1	0.0011560693641618498	0.0008	0.0	56
866	0.0000000000	0.000000000000000	0.9580759551590026	1	0.0011547344110854503	0.0008	0.0	56
867	0.0000000000	0.000000000000000	0.9580759551590026	1	0.0011534025374855825	0.0008	0.0	56
868	0.0000000000	0.000000000000000	0.9580759551590026	1	0.001152073732718894	0.0008	0.0	56
869	0.0000000000	0.000000000000000	0.9580759551590026	1	0.0011507479861910242	0.0008	0.0	56
870	0.0000000000	0.000000000000000	0.9580759551590026	1	0.0011494252873563218	0.0008	0.0	56
871	0.0000000000	0.000000000000000	0.9580759551590026	1	0.001148105625717566	0.0008	0.0	56
872	0.0000000000	0.000000000000000	0.9580759551590026	1	0.0011467889908256881	0.0008	0.0	56
873	0.0000000000	0.000000000000000	0.9580759551590026	1	0.001145475372279496	0.0008	0.0	56
874	0.0000000000	0.000000000000000	0.9580759551590026	1	0.0011441647597254005	0.0008	0.0	56
875	0.0000000000	0.000000000000000	0.9580759551590026	1	0.001142857142857143	0.0008	0.0	56
876	0.0000000000	0.000000000000000	0.9580759551590026	1	0.001141552511415525	0.0008	0.0	56
877	0.0000000000	0.000000000000000	0.9580759551590026	1	0.0011402508551881414	0.0008	0.0	56
878	0.0000000000	0.000000000000000	0.9580759551590026	1	0.0011389521640091116	0.0008	0.0	56
879	0.0000000000	0.000000000000000	0.9580759551590026	1	0.0011376564277588168	0.0008	0.0	56
880	0.0000000000	0.000000000000000	0.9580759551590026	1	0.0011363636363636363	0.0008	0.0	56
881	0.0000000000	0.000000000000000	0.9580759551590026	1	0.0011350737797956867	0.0008	0.0	56
882	0.0000000000	0.000000000000000	0.9580759551590026	1	0.0011337868480725624	0.0008	0.0	56
883	0.0000000000	0.000000000000000	0.9580759551590026	1	0.0011325028312570782	0.0008	0.0	56
884	0.0000000000	0.000000000000000	0.9580759551590026	1	0.0011312217194570137	0.0008	0.0	56
885	0.0000000000	0.000000000000000	0.9580759551590026	1	0.0011299435028248588	0.0008	0.0	56
886	0.0000000000	0.000000000000000	0.9580759551590026	1	0.001128668171557562	0.0008	0.0	56
887	0.0000000000	0.000000000000000	0.9580759551590026	1	0.0011273957158962795	0.0008	0.0	56
888	0.0000000000	0.000000000000000	0.9580759551590026	1	0.0011261261261261261	0.0008	0.0	56
889	0.0000000000	0.000000000000000	0.9580759551590026	1	0.0011248593925759281	0.0008	0.0	56
890	0.0000000000	0.000000000000000	0.9580759551590026	1	0.0011235955056179776	0.0008	0.0	56
891	0.0000000000	0.000000000000000	0.9580759551590026	1	0.001122334455667789	0.0008	0.0	56
892	0.0000000000	0.000000000000000	0.9580759551590026	1	0.0011210762331838565	0.0008	0.0	56
893	0.0000000000	0.000000000000000	0.9580759551590026	1	0.0011198208286674132	0.0008	0.0	56
894	0.0000000000	0.000000000000000	0.9580759551590026	1	0.0011185682326621924	0.0008	0.0	56
895	0.0000000000	0.000000000000000	0.9580759551590026	1	0.0011173184357541898	0.0008	0.0	56
896	0.0000000000	0.000000000000000	0.9580759551590026	1	0.0011160714285714285	0.0008	0.0	56
897	0.0000000000	0.000000000000000	0.9580759551590026	1	0.0011148272017837235	0.0008	0.0	56
898	0.0000000000	0.000000000000000	0.9580759551590026	1	0.0011135857461024498	0.0008	0.0	56
899	0.0000000000	0.000000000000000	0.9580759551590026	1	0.0011123470522803114	0.0008	0.0	56
900	0.0000000000	0.000000000000000	0.9580759551590026	1	0.0011111111111111111	0.0008	0.0	56
901	0.0000000000	0.000000000000000	0.9580759551590026	1	0.0011098779134295228	0.0008	0.0	56
902	0.0000000000	0.000000000000000	0.9580759551590026	1	0.0011086474501108647	0.0008	0.0	56
903	0.0000000000	0.000000000000000	0.9580759551590026	1	0.0011074197120708748	0.0008	0.0	56
904	0.0000000000	0.000000000000000	0.9580759551590026	1	0.0011061946902654867	0.0008	0.0	56
905	0.0000000000	0.000000000000000	0.9580759551590026	1	0.0011049723756906078	0.0008	0.0	56
906	0.0000000000	0.000000000000000	0.9580759551590026	1	0.0011037527593818985	0.0008	0.0	56
907	0.0000000000	0.000000000000000	0.9580759551590026	1	0.0011025358324145535	0.0008	0.0	56
908	0.0000000000	0.000000000000000	0.9580759551590026	1	0.0011013215859030838	0.0008	0.0	56
909	0.0000000000	0.000000000000000	0.9580759551590026	1	0.0011001100110011	0.0008	0.0	56
910	0.0000000000	0.000000000000000	0.9580759551590026	1	0.001098901098901099	0.0008	0.0	56
911	0.0000000000	0.000000000000000	0.9580759551590026	1	0.0010976948408342481	0.0008	0.0	56
912	0.0000000000	0.000000000000000	0.9580759551590026	1	0.0010964912280701754	0.0008	0.0	56
913	0.0000000000	0.000000000000000	0.9580759551590026	1	0.001095290251916758	0.0008	0.0	56
914	0.0000000000	0.000000000000000	0.9580759551590026	1	0.0010940919037199124	0.0008	0.0	56
915	0.0000000000	0.000000000000000	0.9580759551590026	1	0.001092896174863388	0.0008	0.0	56
916	0.0000000000	0.000000000000000	0.9580759551590026	1	0.001091703056768559	0.0008	0.0	56
917	0.0000000000	0.000000000000000	0.9580759551590026	1	0.0010905125408942203	0.0008	0.0	56
918	0.0000000000	0.000000000000000	0.9580759551590026	1	0.0010893246187363835	0.0008	0.0	56
919	0.0000000000	0.000000000000000	0.9580759551590026	1	0.001088139281828074	0.0008	0.0	56
920	0.0000000000	0.000000000000000	0.9580759551590026	1	0.0010869565217391304	0.0008	0.0	56
921	0.0000000000	0.000000000000000	0.9580759551590026	1	0.0010857763300760044	0.0008	0.0	56
922	0.0000000000	0.000000000000000	0.9580759551590026	1	0.0010845986984815619	0.0008	0.0	56
923	0.0000000000	0.000000000000000	0.9580759551590026	1	0.0010834236186348862	0.0008	0.0	56
924	0.0000000000	0.000000000000000	0.9580759551590026	1	0.0010822510822510823	0.0008	0.0	56
925	0.0000000000	0.000000000000000	0.9580759551590026	1	0.001081081081081081	0.0008	0.0	56
926	0.0000000000	0.000000000000000	0.9580759551590026	1	0.0010799136069114472	0.0008	0.0	56
927	0.0000000000	0.000000000000000	0.9580759551590026	1	0.0010787486515641855	0.0008	0.0	56
928	0.0000000000	0.000000000000000	0.9580759551590026	1	0.0010775862068965517	0.0008	0.0	56
929	0.0000000000	0.000000000000000	0.9580759551590026	1	0.001076426264800861	0.0008	0.0	56
930	0.0000000000	0.000000000000000	0.9580759551590026	1	0.001075268817204301	0.0008	0.0	56
931	0.0000000000	0.000000000000000	0.9580759551590026	1	0.0010741138560687433	0.0008	0.0	56
932	0.0000000000	0.000000000000000	0.9580759551590026	1	0.001072961373390558	0.0008	0.0	56
933	0.0000000000	0.000000000000000	0.9580759551590026	1	0.0010718113612004287	0.0008	0.0	56
934	0.0000000000	0.000000000000000	0.9580759551590026	1	0.0010706638115631692	0.0008	0.0	56
935	0.0000000000	0.000000000000000	0.9580759551590026	1	0.0010695187165775401	0.0008	0.0	56
936	0.0000000000	0.000000000000000	0.9580759551590026	1	0.0010683760683760685	0.0008	0.0	56
937	0.0000000000	0.000000000000000	0.9580759551590026	1	0.0010672358591248667	0.0008	0.0	56
938	0.0000000000	0.000000000000000	0.9580759551590026	1	0.0010660980810234541	0.0008	0.0	56
939	0.0000000000	0.000000000000000	0.9580759551590026	1	0.0010649627263045794	0.0008	0.0	56
940	0.0000000000	0.000000000000000	0.9580759551590026	1	0.0010638297872340426	0.0008	0.0	56
941	0.0000000000	0.000000000000000	0.9580759551590026	1	0.0010626992561105207	0.0008	0.0	56
942	0.0000000000	0.000000000000000	0.9580759551590026	1	0.0010615711252653928	0.0008	0.0	56
943	0.0000000000	0.000000000000000	0.9580759551590026	1	0.0010604453870625664	0.0008	0.0	56
944	0.0000000000	0.000000000000000	0.9580759551590026	1	0.001059322033898305	0.0008	0.0	56
945	0.0000000000	0.000000000000000	0.9580759551590026	1	0.0010582010582010583	0.0008	0.0	56
946	0.0000000000	0.000000000000000	0.9580759551590026	1	0.0010570824524312897	0.0008	0.0	56
947	0.0000000000	0.000000000000000	0.9580759551590026	1	0.0010559662090813093	0.0008	0.0	56
948	0.0000000000	0.000000000000000	0.9580759551590026	1	0.0010548523206751054	0.0008	0.0	56
949	0.0000000000	0.000000000000000	0.9580759551590026	1	0.001053740779768177	0.0008	0.0	56
950	0.0000000000	0.000000000000000	0.9580759551590026	1	0.0010526315789473684	0.0008	0.0	56
951	0.0000000000	0.000000000000000	0.9580759551590026	1	0.0010515247108307045	0.0008	0.0	56
952	0.0000000000	0.000000000000000	0.9580759551590026	1	0.0010504201680672268	0.0008	0.0	56
953	0.0000000000	0.000000000000000	0.9580759551590026	1	0.001049317943336831	0.0008	0.0	56
954	0.0000000000	0.000000000000000	0.9580759551590026	1	0.0010482180293501049	0.0008	0.0	56
955	0.0000000000	0.000000000000000	0.9580759551590026	1	0.0010471204188481676	0.0008	0.0	56
956	0.0000000000	0.000000000000000	0.9580759551590026	1	0.0010460251046025104	0.0008	0.0	56
957	0.0000000000	0.000000000000000	0.9580759551590026	1	0.0010449320794148381	0.0008	0.0	56
958	0.0000000000	0.000000000000000	0.9580759551590026	1	0.0010438413361169101	0.0008	0.0	56
959	0.0000000000	0.000000000000000	0.9580759551590026	1	0.0010427528675703858	0.0008	0.0	56
960	0.0000000000	0.000000000000000	0.9580759551590026	1	0.0010416666666666667	0.0008	0.0	56
961	0.0000000000	0.000000000000000	0.9580759551590026	1	0.001040582726326743	0.0008	0.0	56
962	0.0000000000	0.000000000000000	0.9580759551590026	1	0.0010395010395010396	0.0008	0.0	56
963	0.0000000000	0.000000000000000	0.9580759551590026	1	0.0010384215991692627	0.0008	0.0	56
964	0.0000000000	0.000000000000000	0.9580759551590026	1	0.001037344398340249	0.0008	0.0	56
965	0.0000000000	0.000000000000000	0.9580759551590026	1	0.0010362694300518134	0.0008	0.0	56
966	0.0000000000	0.000000000000000	0.9580759551590026	1	0.0010351966873706005	0.0008	0.0	56
967	0.0000000000	0.000000000000000	0.9580759551590026	1	0.001034126163391934	0.0008	0.0	56
968	0.0000000000	0.000000000000000	0.9580759551590026	1	0.0010330578512396695	0.0008	0.0	56
969	0.0000000000	0.000000000000000	0.9580759551590026	1	0.0010319917440660474	0.0008	0.0	56
970	0.0000000000	0.000000000000000	0.9580759551590026	1	0.0010309278350515464	0.0008	0.0	56
971	0.0000000000	0.000000000000000	0.9580759551590026	1	0.0010298661174047373	0.0008	0.0	56
972	0.0000000000	0.000000000000000	0.9580759551590026	1	0.00102880658436214	0.0008	0.0	56
973	0.0000000000	0.000000000000000	0.9580759551590026	1	0.0010277492291880781	0.0008	0.0	56
974	0.0000000000	0.000000000000000	0.9580759551590026	1	0.001026694045174538	0.0008	0.0	56
975	0.0000000000	0.000000000000000	0.9580759551590026	1	0.0010256410256410256	0.0008	0.0	56
976	0.0000000000	0.000000000000000	0.9580759551590026	1	0.0010245901639344263	0.0008	0.0	56
977	0.0000000000	0.000000000000000	0.9580759551590026	1	0.0010235414534288639	0.0008	0.0	56
978	0.0000000000	0.000000000000000	0.9580759551590026	1	0.0010224948875255625	0.0008	0.0	56
979	0.0000000000	0.000000000000000	0.9580759551590026	1	0.0010214504596527069	0.0008	0.0	56
980	0.0000000000	0.000000000000000	0.9580759551590026	1	0.0010204081632653062	0.0008	0.0	56
981	0.0000000000	0.000000000000000	0.9580759551590026	1	0.0010193679918450561	0.0008	0.0	56
982	0.0000000000	0.000000000000000	0.9580759551590026	1	0.0010183299389002036	0.0008	0.0	56
983	0.0000000000	0.000000000000000	0.9580759551590026	1	0.001017293997965412	0.0008	0.0	56
984	0.0000000000	0.000000000000000	0.9580759551590026	1	0.0010162601626016261	0.0008	0.0	56
985	0.0000000000	0.000000000000000	0.9580759551590026	1	0.0010152284263959391	0.0008	0.0	56
986	0.0000000000	0.000000000000000	0.9580759551590026	1	0.0010141987829614604	0.0008	0.0	56
987	0.0000000000	0.000000000000000	0.9580759551590026	1	0.0010131712259371835	0.0008	0.0	56
988	0.0000000000	0.000000000000000	0.9580759551590026	1	0.0010121457489878543	0.0008	0.0	56
989	0.0000000000	0.000000000000000	0.9580759551590026	1	0.0010111223458038423	0.0008	0.0	56
990	0.0000000000	0.000000000000000	0.9580759551590026	1	0.00101010101010101	0.0008	0.0	56
991	0.0000000000	0.000000000000000	0.9580759551590026	1	0.0010090817356205853	0.0008	0.0	56
992	0.0000000000	0.000000000000000	0.9580759551590026	1	0.0010080645161290322	0.0008	0.0	56
993	0.0000000000	0.000000000000000	0.9580759551590026	1	0.0010070493454179255	0.0008	0.0	56
994	0.0000000000	0.000000000000000	0.9580759551590026	1	0.001006036217303823	0.0008	0.0	56
995	0.0000000000	0.000000000000000	0.9580759551590026	1	0.0010050251256281408	0.0008	0.0	56
996	0.0000000000	0.000000000000000	0.9580759551590026	1	0.001004016064257028	0.0008	0.0	56
997	0.0000000000	0.000000000000000	0.9580759551590026	1	0.0010030090270812437	0.0008	0.0	56
998	0.0000000000	0.000000000000000	0.9580759551590026	1	0.001002004008016032	0.0008	0.0	56
999	0.0000000000	0.000000000000000	0.9580759551590026	1	0.001001001001001001	0.0008	0.0	56
1000	0.0000000000	0.000000000000000	0.9580759551590026	1	0.001	0.0008	0.0	56
