1 1.539892710085077
2 1.666268483053832
3 1.4080681676098292
4 1.6119745265601457
5 1.3971069394294808
6 1.7014128724388484
7 1.6229357547404941
8 1.4166964194473712
9 0.656670935140681
10 0.8394009137848119
11 0.793400430845633
12 0.973495267397078
13 1.4873917912964265
14 1.5782165818011429
15 1.4066817229838158
16 1.5768301371751292
17 1.559951164795628
18 1.6229357547404941
19 1.7292530729986983
20 1.6398147271199957
21 1.4873917912964267
22 1.4536338465374237
23 1.2994178730088188
24 1.433575391826873
25 1.37197724650802
26 1.0654383628843958
27 1.2715885900774673
28 1.5056572083019417
29 1.5950955541806442
30 1.4249471399893305
31 1.5759836311868862
32 1.5056572083019415
33 1.6398147271199957
34 1.470512818916925
35 1.7908512183175511
36 1.550376381241293
37 1.5768301371751292
38 1.135352627089835
39 0.793400430845633
40 1.3502202142205
41 1.539892710085077
42 1.4782945647662242
43 1.3450835776649628
44 1.3085150995390213
45 1.5430721924161264
46 1.2374112601125156
47 1.4118183595393528
48 1.4166964194473715
49 1.3055010412811487
50 1.37197724650802
51 1.3610160183276716
52 1.2656599282498158
53 1.433575391826873
54 1.3610160183276716
55 1.4951735371457255
56 1.4504543642063743
