0	0.0000000000	0.000000000000000	0.0	0	0	0.0032	0.0	56
1	0.0000000000	0.000000000000000	0.0	0	0.0	0.0032	0.0	56
2	0.0000000000	0.000000000000000	0.0	0	0.0	0.0032	0.0	56
3	0.0000000000	0.000000000000000	0.0	0	0.0	0.0032	0.0	56
4	0.0000000000	0.000000000000000	0.0	0	0.0	0.0032	0.0	56
5	0.0000000000	0.000000000000000	0.0	0	0.0	0.0032	0.0	56
6	0.0000000000	0.000000000000000	0.0	0	0.0	0.0032	0.0	56
7	0.0000000000	0.000000000000000	0.0	0	0.0	0.0032	0.0	56
8	0.0000000000	0.000000000000000	0.0	0	0.0	0.0032	0.0	56
9	0.0000000000	0.000000000000000	0.0	0	0.0	0.0032	0.0	56
10	0.0000000000	0.000000000000000	0.0	0	0.0	0.0032	0.0	56
11	0.0000000000	0.000000000000000	0.0	0	0.0	0.0032	0.0	56
12	0.0000000000	0.000000000000000	0.0	0	0.0	0.0032	0.0	56
13	0.0000000000	0.000000000000000	0.0	0	0.0	0.0032	0.0	56
14	0.0000000000	0.000000000000000	0.0	0	0.0	0.0032	0.0	56
15	0.0000000000	0.000000000000000	0.0	0	0.0	0.0032	0.0	56
16	0.0000000000	0.000000000000000	0.0	0	0.0	0.0032	0.0	56
17	0.0000000000	0.000000000000000	0.0	0	0.0	0.0032	0.0	56
18	0.0000000000	0.000000000000000	0.0	0	0.0	0.0032	0.0	56
19	0.0000000000	0.000000000000000	0.0	0	0.0	0.0032	0.0	56
20	0.0000000000	0.000000000000000	0.0	0	0.0	0.0032	0.0	56
21	0.0000000000	0.000000000000000	0.0	0	0.0	0.0032	0.0	56
22	0.0000000000	0.000000000000000	0.0	0	0.0	0.0032	0.0	56
23	0.0000000000	0.000000000000000	0.0	0	0.0	0.0032	0.0	56
24	0.0000000000	0.000000000000000	0.0	0	0.0	0.0032	0.0	56
25	0.0000000000	0.000000000000000	0.0	0	0.0	0.0032	0.0	56
26	0.0000000000	0.000000000000000	0.0	0	0.0	0.0032	0.0	56
27	0.0000000000	0.000000000000000	0.0	0	0.0	0.0032	0.0	56
28	0.0000000000	0.000000000000000	0.0	0	0.0	0.0032	0.0	56
29	0.0000000000	0.000000000000000	0.0	0	0.0	0.0032	0.0	56
30	0.0000000000	0.000000000000000	0.0	0	0.0	0.0032	0.0	56
31	0.0000000000	0.000000000000000	0.0	0	0.0	0.0032	0.0	56
32	0.0000000000	0.000000000000000	0.0	0	0.0	0.0032	0.0	56
33	0.0000000000	0.000000000000000	0.0	0	0.0	0.0032	0.0	56
34	0.0000000000	0.000000000000000	0.0	0	0.0	0.0032	0.0	56
35	0.0000000000	0.000000000000000	0.0	0	0.0	0.0032	0.0	56
36	0.0000000000	0.000000000000000	0.0	0	0.0	0.0032	0.0	56
37	0.0000000000	0.000000000000000	0.0	0	0.0	0.0032	0.0	56
38	0.0000000000	0.000000000000000	0.0	0	0.0	0.0032	0.0	56
39	0.0000000000	0.000000000000000	0.0	0	0.0	0.0032	0.0	56
40	0.0000000000	0.000000000000000	0.0	0	0.0	0.0032	0.0	56
41	0.0000000000	0.000000000000000	0.0	0	0.0	0.0032	0.0	56
42	0.0000000000	0.000000000000000	0.0	0	0.0	0.0032	0.0	56
43	0.0000000000	0.000000000000000	0.0	0	0.0	0.0032	0.0	56
44	0.0000000000	0.000000000000000	0.0	0	0.0	0.0032	0.0	56
45	0.0000000000	0.000000000000000	0.0	0	0.0	0.0032	0.0	56
46	0.0000000000	0.000000000000000	0.0	0	0.0	0.0032	0.0	56
47	0.0000000000	0.000000000000000	0.0	0	0.0	0.0032	0.0	56
48	0.0000000000	0.000000000000000	0.0	0	0.0	0.0032	0.0	56
49	0.0000000000	0.000000000000000	0.0	0	0.0	0.0032	0.0	56
50	0.0000000000	0.000000000000000	0.0	0	0.0	0.0032	0.0	56
51	0.0000000000	0.000000000000000	0.0	0	0.0	0.0032	0.0	56
52	0.0000000000	0.000000000000000	0.0	0	0.0	0.0032	0.0	56
53	0.0000000000	0.000000000000000	0.0	0	0.0	0.0032	0.0	56
54	0.0000000000	0.000000000000000	0.0	0	0.0	0.0032	0.0	56
55	0.0000000000	0.000000000000000	0.0	0	0.0	0.0032	0.0	56
56	0.0000000000	0.000000000000000	0.0	0	0.0	0.0032	0.0	56
57	0.0000000000	0.000000000000000	0.0	0	0.0	0.0032	0.0	56
58	0.0000000000	0.000000000000000	0.0	0	0.0	0.0032	0.0	56
59	0.0000000000	0.000000000000000	0.0	0	0.0	0.0032	0.0	56
60	0.0000000000	0.000000000000000	0.0	0	0.0	0.0032	0.0	56
61	0.0000000000	0.000000000000000	0.0	0	0.0	0.0032	0.0	56
62	0.0000000000	0.000000000000000	0.0	0	0.0	0.0032	0.0	56
63	0.0000000000	0.000000000000000	0.0	0	0.0	0.0032	0.0	56
64	0.0000000000	0.000000000000000	0.0	0	0.0	0.0032	0.0	56
65	0.0000000000	0.000000000000000	0.0	0	0.0	0.0032	0.0	56
66	0.0000000000	0.000000000000000	0.0	0	0.0	0.0032	0.0	56
67	0.0000000000	0.000000000000000	0.0	0	0.0	0.0032	0.0	56
68	0.0000000000	0.000000000000000	0.0	0	0.0	0.0032	0.0	56
69	0.0000000000	0.000000000000000	0.0	0	0.0	0.0032	0.0	56
70	0.0000000000	0.000000000000000	0.0	0	0.0	0.0032	0.0	56
71	0.0000000000	0.000000000000000	0.0	0	0.0	0.0032	0.0	56
72	0.0000000000	0.000000000000000	0.0	0	0.0	0.0032	0.0	56
73	0.0000000000	0.000000000000000	0.0	0	0.0	0.0032	0.0	56
74	0.0000000000	0.000000000000000	0.0	0	0.0	0.0032	0.0	56
75	0.0000000000	0.000000000000000	0.0	0	0.0	0.0032	0.0	56
76	0.0000000000	0.000000000000000	0.0	0	0.0	0.0032	0.0	56
77	0.0000000000	0.000000000000000	0.0	0	0.0	0.0032	0.0	56
78	0.0000000000	0.000000000000000	0.0	0	0.0	0.0032	0.0	56
79	0.0000000000	0.000000000000000	0.0	0	0.0	0.0032	0.0	56
80	0.0000000000	0.000000000000000	0.0	0	0.0	0.0032	0.0	56
81	0.0000000000	0.000000000000000	0.0	0	0.0	0.0032	0.0	56
82	0.0000000000	0.000000000000000	0.0	0	0.0	0.0032	0.0	56
83	0.0000000000	0.000000000000000	0.0	0	0.0	0.0032	0.0	56
84	0.0000000000	0.000000000000000	0.0	0	0.0	0.0032	0.0	56
85	0.0000000000	0.000000000000000	0.0	0	0.0	0.0032	0.0	56
86	0.0000000000	0.000000000000000	0.0	0	0.0	0.0032	0.0	56
87	0.0000000000	0.000000000000000	0.0	0	0.0	0.0032	0.0	56
88	0.0000000000	0.000000000000000	0.0	0	0.0	0.0032	0.0	56
89	0.0000000000	0.000000000000000	0.0	0	0.0	0.0032	0.0	56
90	0.0000000000	0.000000000000000	0.0	0	0.0	0.0032	0.0	56
91	0.0000000000	0.000000000000000	0.0	0	0.0	0.0032	0.0	56
92	0.0000000000	0.000000000000000	0.0	0	0.0	0.0032	0.0	56
93	0.0000000000	0.000000000000000	0.0	0	0.0	0.0032	0.0	56
94	0.0000000000	0.000000000000000	0.0	0	0.0	0.0032	0.0	56
95	0.0000000000	0.000000000000000	0.0	0	0.0	0.0032	0.0	56
96	0.0000000000	0.000000000000000	0.0	0	0.0	0.0032	0.0	56
97	0.0000000000	0.000000000000000	0.0	0	0.0	0.0032	0.0	56
98	0.0000000000	0.000000000000000	0.0	0	0.0	0.0032	0.0	56
99	0.0000000000	0.000000000000000	0.0	0	0.0	0.0032	0.0	56
100	0.0000000000	0.000000000000000	0.0	0	0.0	0.0032	0.0	56
101	0.0000000000	0.000000000000000	0.0	0	0.0	0.0032	0.0	56
102	0.0000000000	0.000000000000000	0.0	0	0.0	0.0032	0.0	56
103	0.0000000000	0.000000000000000	0.0	0	0.0	0.0032	0.0	56
104	0.0000000000	0.000000000000000	0.0	0	0.0	0.0032	0.0	56
105	0.0000000000	0.000000000000000	0.0	0	0.0	0.0032	0.0	56
106	0.0000000000	0.000000000000000	0.0	0	0.0	0.0032	0.0	56
107	0.0000000000	0.000000000000000	0.0	0	0.0	0.0032	0.0	56
108	0.0000000000	0.000000000000000	0.0	0	0.0	0.0032	0.0	56
109	0.0000000000	0.000000000000000	0.0	0	0.0	0.0032	0.0	56
110	0.0000000000	0.000000000000000	0.0	0	0.0	0.0032	0.0	56
111	0.0000000000	0.000000000000000	0.0	0	0.0	0.0032	0.0	56
112	0.0000000000	0.000000000000000	0.0	0	0.0	0.0032	0.0	56
113	0.0000000000	0.000000000000000	0.0	0	0.0	0.0032	0.0	56
114	0.0000000000	0.000000000000000	0.0	0	0.0	0.0032	0.0	56
115	0.0000000000	0.000000000000000	0.0	0	0.0	0.0032	0.0	56
116	0.0000000000	0.000000000000000	0.0	0	0.0	0.0032	0.0	56
117	0.0000000000	0.000000000000000	0.0	0	0.0	0.0032	0.0	56
118	0.0000000000	0.000000000000000	0.0	0	0.0	0.0032	0.0	56
119	0.0000000000	0.000000000000000	0.0	0	0.0	0.0032	0.0	56
120	0.0000000000	0.000000000000000	0.0	0	0.0	0.0032	0.0	56
121	0.0000000000	0.000000000000000	0.0	0	0.0	0.0032	0.0	56
122	0.0000000000	0.000000000000000	0.0	0	0.0	0.0032	0.0	56
123	0.0000000000	0.000000000000000	0.0	0	0.0	0.0032	0.0	56
124	0.0000000000	0.000000000000000	0.0	0	0.0	0.0032	0.0	56
125	0.0000000000	0.000000000000000	0.0	0	0.0	0.0032	0.0	56
126	0.0000000000	0.000000000000000	0.0	0	0.0	0.0032	0.0	56
127	0.0000000000	0.000000000000000	0.0	0	0.0	0.0032	0.0	56
128	0.0000000000	0.000000000000000	0.0	0	0.0	0.0032	0.0	56
129	0.0000000000	0.000000000000000	0.0	0	0.0	0.0032	0.0	56
130	0.0000000000	0.000000000000000	0.0	0	0.0	0.0032	0.0	56
131	0.0000000000	0.000000000000000	0.0	0	0.0	0.0032	0.0	56
132	0.0000000000	0.000000000000000	0.0	0	0.0	0.0032	0.0	56
133	0.0000000000	0.000000000000000	0.0	0	0.0	0.0032	0.0	56
134	0.0000000000	0.000000000000000	0.0	0	0.0	0.0032	0.0	56
135	0.0000000000	0.000000000000000	0.0	0	0.0	0.0032	0.0	56
136	0.0000000000	0.000000000000000	0.0	0	0.0	0.0032	0.0	56
137	0.0000000000	0.000000000000000	0.0	0	0.0	0.0032	0.0	56
138	0.0000000000	0.000000000000000	0.0	0	0.0	0.0032	0.0	56
139	0.0000000000	0.000000000000000	0.0	0	0.0	0.0032	0.0	56
140	0.0000000000	0.000000000000000	0.0	0	0.0	0.0032	0.0	56
141	0.0000000000	0.000000000000000	0.0	0	0.0	0.0032	0.0	56
142	0.0000000000	0.000000000000000	0.0	0	0.0	0.0032	0.0	56
143	0.0000000000	0.000000000000000	0.0	0	0.0	0.0032	0.0	56
144	0.0000000000	0.000000000000000	0.0	0	0.0	0.0032	0.0	56
145	0.0000000000	0.000000000000000	0.0	0	0.0	0.0032	0.0	56
146	0.0000000000	0.000000000000000	0.0	0	0.0	0.0032	0.0	56
147	0.0000000000	0.000000000000000	0.0	0	0.0	0.0032	0.0	56
148	0.0000000000	0.000000000000000	0.0	0	0.0	0.0032	0.0	56
149	0.0000000000	0.000000000000000	0.0	0	0.0	0.0032	0.0	56
150	0.0000000000	0.000000000000000	0.0	0	0.0	0.0032	0.0	56
151	0.0000000000	0.000000000000000	0.0	0	0.0	0.0032	0.0	56
152	0.0000000000	0.000000000000000	0.0	0	0.0	0.0032	0.0	56
153	0.0000000000	0.000000000000000	0.0	0	0.0	0.0032	0.0	56
154	0.0000000000	0.000000000000000	0.0	0	0.0	0.0032	0.0	56
155	0.0000000000	0.000000000000000	0.0	0	0.0	0.0032	0.0	56
156	0.0000000000	0.000000000000000	0.0	0	0.0	0.0032	0.0	56
157	0.0000000000	0.000000000000000	0.0	0	0.0	0.0032	0.0	56
158	0.0000000000	0.000000000000000	0.0	0	0.0	0.0032	0.0	56
159	0.0000000000	0.000000000000000	0.0	0	0.0	0.0032	0.0	56
160	0.0000000000	0.000000000000000	0.0	0	0.0	0.0032	0.0	56
161	0.0000000000	0.000000000000000	0.0	0	0.0	0.0032	0.0	56
162	0.0000000000	0.000000000000000	0.0	0	0.0	0.0032	0.0	56
163	0.0000000000	0.000000000000000	0.0	0	0.0	0.0032	0.0	56
164	0.0000000000	0.000000000000000	0.0	0	0.0	0.0032	0.0	56
165	0.0000000000	0.000000000000000	0.0	0	0.0	0.0032	0.0	56
166	0.0000000000	0.000000000000000	0.0	0	0.0	0.0032	0.0	56
167	0.0000000000	0.000000000000000	0.0	0	0.0	0.0032	0.0	56
168	0.0000000000	0.000000000000000	0.0	0	0.0	0.0032	0.0	56
169	0.0000000000	0.000000000000000	0.0	0	0.0	0.0032	0.0	56
170	0.0000000000	0.000000000000000	0.0	0	0.0	0.0032	0.0	56
171	0.0000000000	0.000000000000000	0.0	0	0.0	0.0032	0.0	56
172	0.0000000000	0.000000000000000	0.0	0	0.0	0.0032	0.0	56
173	0.0000000000	0.000000000000000	0.0	0	0.0	0.0032	0.0	56
174	0.0000000000	0.000000000000000	0.0	0	0.0	0.0032	0.0	56
175	0.0000000000	0.000000000000000	0.0	0	0.0	0.0032	0.0	56
176	0.0000000000	0.000000000000000	0.0	0	0.0	0.0032	0.0	56
177	0.0000000000	0.000000000000000	0.0	0	0.0	0.0032	0.0	56
178	0.0000000000	0.000000000000000	0.0	0	0.0	0.0032	0.0	56
179	0.0000000000	0.000000000000000	0.0	0	0.0	0.0032	0.0	56
180	0.0000000000	0.000000000000000	0.0	0	0.0	0.0032	0.0	56
181	0.0000000000	0.000000000000000	0.0	0	0.0	0.0032	0.0	56
182	0.0000000000	0.000000000000000	0.0	0	0.0	0.0032	0.0	56
183	0.0000000000	0.000000000000000	0.0	0	0.0	0.0032	0.0	56
184	0.0000000000	0.000000000000000	0.0	0	0.0	0.0032	0.0	56
185	0.0000000000	0.000000000000000	0.0	0	0.0	0.0032	0.0	56
186	0.0000000000	0.000000000000000	0.0	0	0.0	0.0032	0.0	56
187	0.0000000000	0.000000000000000	0.0	0	0.0	0.0032	0.0	56
188	0.0000000000	0.000000000000000	0.0	0	0.0	0.0032	0.0	56
189	0.0000000000	0.000000000000000	0.0	0	0.0	0.0032	0.0	56
190	0.0000000000	0.000000000000000	0.0	0	0.0	0.0032	0.0	56
191	0.0000000000	0.000000000000000	0.0	0	0.0	0.0032	0.0	56
192	0.0000000000	0.000000000000000	0.0	0	0.0	0.0032	0.0	56
193	0.0000000000	0.000000000000000	0.0	0	0.0	0.0032	0.0	56
194	0.0000000000	0.000000000000000	0.0	0	0.0	0.0032	0.0	56
195	0.0000000000	0.000000000000000	0.0	0	0.0	0.0032	0.0	56
196	0.0000000000	0.000000000000000	0.0	0	0.0	0.0032	0.0	56
197	0.0000000000	0.000000000000000	0.0	0	0.0	0.0032	0.0	56
198	0.0000000000	0.000000000000000	0.0	0	0.0	0.0032	0.0	56
199	0.0000000000	0.000000000000000	0.0	0	0.0	0.0032	0.0	56
200	0.0000000000	0.000000000000000	0.0	0	0.0	0.0032	0.0	56
201	0.0000000000	0.000000000000000	0.0	0	0.0	0.0032	0.0	56
202	0.0000000000	0.000000000000000	0.0	0	0.0	0.0032	0.0	56
203	0.0000000000	0.000000000000000	0.0	0	0.0	0.0032	0.0	56
204	0.0000000000	0.000000000000000	0.0	0	0.0	0.0032	0.0	56
205	0.0000000000	0.000000000000000	0.0	0	0.0	0.0032	0.0	56
206	0.0000000000	0.000000000000000	0.0	0	0.0	0.0032	0.0	56
207	0.0000000000	0.000000000000000	0.0	0	0.0	0.0032	0.0	56
208	0.0000000000	0.000000000000000	0.0	0	0.0	0.0032	0.0	56
209	0.0000000000	0.000000000000000	0.0	0	0.0	0.0032	0.0	56
210	0.0000000000	0.000000000000000	0.0	0	0.0	0.0032	0.0	56
211	0.0000000000	0.000000000000000	0.0	0	0.0	0.0032	0.0	56
212	0.0000000000	0.000000000000000	0.0	0	0.0	0.0032	0.0	56
213	0.0000000000	0.000000000000000	0.0	0	0.0	0.0032	0.0	56
214	0.0000000000	0.000000000000000	0.0	0	0.0	0.0032	0.0	56
215	0.0000000000	0.000000000000000	0.0	0	0.0	0.0032	0.0	56
216	0.0000000000	0.000000000000000	0.0	0	0.0	0.0032	0.0	56
217	0.0000000000	0.000000000000000	0.0	0	0.0	0.0032	0.0	56
218	0.0000000000	0.000000000000000	0.0	0	0.0	0.0032	0.0	56
219	0.0000000000	0.000000000000000	0.0	0	0.0	0.0032	0.0	56
220	0.0000000000	0.000000000000000	0.0	0	0.0	0.0032	0.0	56
221	0.0000000000	0.000000000000000	0.0	0	0.0	0.0032	0.0	56
222	0.0000000000	0.000000000000000	0.0	0	0.0	0.0032	0.0	56
223	0.0000000000	0.000000000000000	0.0	0	0.0	0.0032	0.0	56
224	0.0000000000	0.000000000000000	0.0	0	0.0	0.0032	0.0	56
225	0.0000000000	0.000000000000000	0.0	0	0.0	0.0032	0.0	56
226	0.0000000000	0.000000000000000	0.0	0	0.0	0.0032	0.0	56
227	0.0000000000	0.000000000000000	0.0	0	0.0	0.0032	0.0	56
228	0.0000000000	0.000000000000000	0.0	0	0.0	0.0032	0.0	56
229	0.0000000000	0.000000000000000	0.0	0	0.0	0.0032	0.0	56
230	0.0000000000	0.000000000000000	0.0	0	0.0	0.0032	0.0	56
231	0.0000000000	0.000000000000000	0.0	0	0.0	0.0032	0.0	56
232	0.0000000000	0.000000000000000	0.0	0	0.0	0.0032	0.0	56
233	0.0000000000	0.000000000000000	0.0	0	0.0	0.0032	0.0	56
234	0.0000000000	0.000000000000000	0.0	0	0.0	0.0032	0.0	56
235	0.0000000000	0.000000000000000	0.0	0	0.0	0.0032	0.0	56
236	0.0000000000	0.000000000000000	0.0	0	0.0	0.0032	0.0	56
237	0.0000000000	0.000000000000000	0.0	0	0.0	0.0032	0.0	56
238	0.0000000000	0.000000000000000	0.0	0	0.0	0.0032	0.0	56
239	0.0000000000	0.000000000000000	0.0	0	0.0	0.0032	0.0	56
240	0.0000000000	0.000000000000000	0.0	0	0.0	0.0032	0.0	56
241	0.0000000000	0.000000000000000	0.0	0	0.0	0.0032	0.0	56
242	0.0000000000	0.000000000000000	0.0	0	0.0	0.0032	0.0	56
243	0.0000000000	0.000000000000000	0.0	0	0.0	0.0032	0.0	56
244	0.0000000000	0.000000000000000	0.0	0	0.0	0.0032	0.0	56
245	0.0000000000	0.000000000000000	0.0	0	0.0	0.0032	0.0	56
246	0.0000000000	0.000000000000000	0.0	0	0.0	0.0032	0.0	56
247	0.0000000000	0.000000000000000	0.0	0	0.0	0.0032	0.0	56
248	0.0000000000	0.000000000000000	0.0	0	0.0	0.0032	0.0	56
249	0.0000000000	0.000000000000000	0.0	0	0.0	0.0032	0.0	56
250	0.0000000000	0.000000000000000	0.0	0	0.0	0.0032	0.0	56
251	0.0000000000	0.000000000000000	0.0	0	0.0	0.0032	0.0	56
252	0.0000000000	0.000000000000000	0.0	0	0.0	0.0032	0.0	56
253	0.0000000000	0.000000000000000	0.0	0	0.0	0.0032	0.0	56
254	0.0000000000	0.000000000000000	0.0	0	0.0	0.0032	0.0	56
255	0.0000000000	0.000000000000000	0.0	0	0.0	0.0032	0.0	56
256	0.0000000000	0.000000000000000	0.0	0	0.0	0.0032	0.0	56
257	0.0000000000	0.000000000000000	0.0	0	0.0	0.0032	0.0	56
258	0.0000000000	0.000000000000000	0.0	0	0.0	0.0032	0.0	56
259	0.0000000000	0.000000000000000	0.0	0	0.0	0.0032	0.0	56
260	0.0000000000	0.000000000000000	0.0	0	0.0	0.0032	0.0	56
261	0.0000000000	0.000000000000000	0.0	0	0.0	0.0032	0.0	56
262	0.0000000000	0.000000000000000	0.0	0	0.0	0.0032	0.0	56
263	0.0000000000	0.000000000000000	0.0	0	0.0	0.0032	0.0	56
264	0.0000000000	0.000000000000000	0.0	0	0.0	0.0032	0.0	56
265	0.0000000000	0.000000000000000	0.0	0	0.0	0.0032	0.0	56
266	0.0000000000	0.000000000000000	0.0	0	0.0	0.0032	0.0	56
267	0.0000000000	0.000000000000000	0.0	0	0.0	0.0032	0.0	56
268	0.0000000000	0.000000000000000	0.0	0	0.0	0.0032	0.0	56
269	0.0000000000	0.000000000000000	0.0	0	0.0	0.0032	0.0	56
270	0.0000000000	0.000000000000000	0.0	0	0.0	0.0032	0.0	56
271	0.0000000000	0.000000000000000	0.0	0	0.0	0.0032	0.0	56
272	0.0000000000	0.000000000000000	0.0	0	0.0	0.0032	0.0	56
273	0.0000000000	0.000000000000000	0.0	0	0.0	0.0032	0.0	56
274	0.0000000000	0.000000000000000	0.0	0	0.0	0.0032	0.0	56
275	0.0000000000	0.000000000000000	0.0	0	0.0	0.0032	0.0	56
276	0.0000000000	0.000000000000000	0.0	0	0.0	0.0032	0.0	56
277	0.0000000000	0.000000000000000	0.0	0	0.0	0.0032	0.0	56
278	0.0000000000	0.000000000000000	0.0	0	0.0	0.0032	0.0	56
279	0.0000000000	0.000000000000000	0.0	0	0.0	0.0032	0.0	56
280	0.0000000000	0.000000000000000	0.0	0	0.0	0.0032	0.0	56
281	0.0000000000	0.000000000000000	0.0	0	0.0	0.0032	0.0	56
282	0.0000000000	0.000000000000000	0.0	0	0.0	0.0032	0.0	56
283	0.0000000000	0.000000000000000	0.0	0	0.0	0.0032	0.0	56
284	0.0000000000	0.000000000000000	0.0	0	0.0	0.0032	0.0	56
285	0.0000000000	0.000000000000000	0.0	0	0.0	0.0032	0.0	56
286	0.0000000000	0.000000000000000	0.0	0	0.0	0.0032	0.0	56
287	0.0000000000	0.000000000000000	0.0	0	0.0	0.0032	0.0	56
288	0.0000000000	0.000000000000000	0.0	0	0.0	0.0032	0.0	56
289	0.0000000000	0.000000000000000	0.0	0	0.0	0.0032	0.0	56
290	0.0000000000	0.000000000000000	0.0	0	0.0	0.0032	0.0	56
291	0.0000000000	0.000000000000000	0.0	0	0.0	0.0032	0.0	56
292	0.0000000000	0.000000000000000	0.0	0	0.0	0.0032	0.0	56
293	0.0000000000	0.000000000000000	0.0	0	0.0	0.0032	0.0	56
294	0.0000000000	0.000000000000000	0.0	0	0.0	0.0032	0.0	56
295	0.0000000000	0.000000000000000	0.0	0	0.0	0.0032	0.0	56
296	0.0000000000	0.000000000000000	0.0	0	0.0	0.0032	0.0	56
297	0.0000000000	0.000000000000000	0.0	0	0.0	0.0032	0.0	56
298	0.0000000000	0.000000000000000	0.0	0	0.0	0.0032	0.0	56
299	0.0000000000	0.000000000000000	0.0	0	0.0	0.0032	0.0	56
300	0.0000000000	0.000000000000000	0.0	0	0.0	0.0032	0.0	56
301	0.0000000000	0.000000000000000	0.0	0	0.0	0.0032	0.0	56
302	0.0000000000	0.000000000000000	0.0	0	0.0	0.0032	0.0	56
303	0.0000000000	0.000000000000000	0.0	0	0.0	0.0032	0.0	56
304	0.0000000000	0.000000000000000	0.0	0	0.0	0.0032	0.0	56
305	0.0000000000	0.000000000000000	0.0	0	0.0	0.0032	0.0	56
306	0.0000000000	0.000000000000000	0.0	0	0.0	0.0032	0.0	56
307	0.0000000000	0.000000000000000	0.0	0	0.0	0.0032	0.0	56
308	0.0000000000	0.000000000000000	0.0	0	0.0	0.0032	0.0	56
309	0.0000000000	0.000000000000000	0.0	0	0.0	0.0032	0.0	56
310	0.0000000000	0.000000000000000	0.0	0	0.0	0.0032	0.0	56
311	0.0000000000	0.000000000000000	0.0	0	0.0	0.0032	0.0	56
312	0.0000000000	0.000000000000000	0.0	0	0.0	0.0032	0.0	56
313	0.0000000000	0.000000000000000	0.0	0	0.0	0.0032	0.0	56
314	0.0000000000	0.000000000000000	0.0	0	0.0	0.0032	0.0	56
315	0.0000000000	0.000000000000000	0.0	0	0.0	0.0032	0.0	56
316	0.0000000000	0.000000000000000	0.0	0	0.0	0.0032	0.0	56
317	0.0000000000	0.000000000000000	0.0	0	0.0	0.0032	0.0	56
318	0.0000000000	0.000000000000000	0.0	0	0.0	0.0032	0.0	56
319	0.0000000000	0.000000000000000	0.0	0	0.0	0.0032	0.0	56
320	0.0000000000	0.000000000000000	0.0	0	0.0	0.0032	0.0	56
321	0.0000000000	0.000000000000000	0.0	0	0.0	0.0032	0.0	56
322	0.0000000000	0.000000000000000	0.0	0	0.0	0.0032	0.0	56
323	0.0000000000	0.000000000000000	0.0	0	0.0	0.0032	0.0	56
324	0.0072715849	0.000000000000000	1.0	1	0.0030864197530864196	0.0032	0.0	56
325	0.0072715849	0.000000000000000	1.0	1	0.003076923076923077	0.0032	0.0	56
326	0.0072715849	0.000000000000000	1.0	1	0.003067484662576687	0.0032	0.0	56
327	0.0072715849	0.000000000000000	1.0	1	0.0030581039755351682	0.0032	0.0	56
328	0.0072715849	0.000000000000000	1.0	1	0.003048780487804878	0.0032	0.0	56
329	0.0072715849	0.000000000000000	1.0	1	0.00303951367781155	0.0032	0.0	56
330	0.0072715849	0.000000000000000	1.0	1	0.0030303030303030303	0.0032	0.0	56
331	0.0072715849	0.000000000000000	1.0	1	0.0030211480362537764	0.0032	0.0	56
332	0.0072715849	0.000000000000000	1.0	1	0.0030120481927710845	0.0032	0.0	56
333	0.0072715849	0.000000000000000	1.0	1	0.003003003003003003	0.0032	0.0	56
334	0.0072715849	0.000000000000000	1.0	1	0.0029940119760479044	0.0032	0.0	56
335	0.0072715849	0.000000000000000	1.0	1	0.0029850746268656717	0.0032	0.0	56
336	0.0072715849	0.000000000000000	1.0	1	0.002976190476190476	0.0032	0.0	56
337	0.0072715849	0.000000000000000	1.0	1	0.002967359050445104	0.0032	0.0	56
338	0.0036275480	0.000000000000000	1.9580759551590026	2	0.005917159763313609	0.0032	0.0	56
339	0.0036275480	0.000000000000000	1.9580759551590026	2	0.0058997050147492625	0.0032	0.0	56
340	0.0036275480	0.000000000000000	1.9580759551590026	2	0.0058823529411764705	0.0032	0.0	56
341	0.0036275480	0.000000000000000	1.9580759551590026	2	0.005865102639296188	0.0032	0.0	56
342	0.0036275480	0.000000000000000	1.9580759551590026	2	0.005847953216374269	0.0032	0.0	56
343	0.0036275480	0.000000000000000	1.9580759551590026	2	0.0058309037900874635	0.0032	0.0	56
344	0.0036275480	0.000000000000000	1.9580759551590026	2	0.005813953488372093	0.0032	0.0	56
345	0.0036275480	0.000000000000000	1.9580759551590026	2	0.005797101449275362	0.0032	0.0	56
346	0.0036275480	0.000000000000000	1.9580759551590026	2	0.005780346820809248	0.0032	0.0	56
347	0.0036275480	0.000000000000000	1.9580759551590026	2	0.005763688760806916	0.0032	0.0	56
348	0.0036275480	0.000000000000000	1.9580759551590026	2	0.005747126436781609	0.0032	0.0	56
349	0.0036275480	0.000000000000000	1.9580759551590026	2	0.0057306590257879654	0.0032	0.0	56
350	0.0036275480	0.000000000000000	1.9580759551590026	2	0.005714285714285714	0.0032	0.0	56
351	0.0036275480	0.000000000000000	1.9580759551590026	2	0.005698005698005698	0.0032	0.0	56
352	0.0036275480	0.000000000000000	1.9580759551590026	2	0.005681818181818182	0.0032	0.0	56
353	0.0036275480	0.000000000000000	1.9580759551590026	2	0.0056657223796034	0.0032	0.0	56
354	0.0036275480	0.000000000000000	1.9580759551590026	2	0.005649717514124294	0.0032	0.0	56
355	0.0036275480	0.000000000000000	1.9580759551590026	2	0.005633802816901409	0.0032	0.0	56
356	0.0036275480	0.000000000000000	1.9580759551590026	2	0.0056179775280898875	0.0032	0.0	56
357	0.0036275480	0.000000000000000	1.9580759551590026	2	0.0056022408963585435	0.0032	0.0	56
358	0.0036275480	0.000000000000000	1.9580759551590026	2	0.00558659217877095	0.0032	0.0	56
359	0.0036275480	0.000000000000000	1.9580759551590026	2	0.005571030640668524	0.0032	0.0	56
360	0.0036275480	0.000000000000000	1.9580759551590026	2	0.005555555555555556	0.0032	0.0	56
361	0.0036275480	0.000000000000000	1.9580759551590026	2	0.00554016620498615	0.0032	0.0	56
362	0.0036275480	0.000000000000000	1.9580759551590026	2	0.0055248618784530384	0.0032	0.0	56
363	0.0036275480	0.000000000000000	1.9580759551590026	2	0.005509641873278237	0.0032	0.0	56
364	0.0036275480	0.000000000000000	1.9580759551590026	2	0.005494505494505495	0.0032	0.0	56
365	0.0036275480	0.000000000000000	1.9580759551590026	2	0.005479452054794521	0.0032	0.0	56
366	0.0036275480	0.000000000000000	1.9580759551590026	2	0.00546448087431694	0.0032	0.0	56
367	0.0036275480	0.000000000000000	1.9580759551590026	2	0.005449591280653951	0.0032	0.0	56
368	0.0036275480	0.000000000000000	1.9580759551590026	2	0.005434782608695652	0.0032	0.0	56
369	0.0036275480	0.000000000000000	1.9580759551590026	2	0.005420054200542005	0.0032	0.0	56
370	0.0036275480	0.000000000000000	1.9580759551590026	2	0.005405405405405406	0.0032	0.0	56
371	0.0036275480	0.000000000000000	1.9580759551590026	2	0.005390835579514825	0.0032	0.0	56
372	0.0036275480	0.000000000000000	1.9580759551590026	2	0.005376344086021506	0.0032	0.0	56
373	0.0036275480	0.000000000000000	1.9580759551590026	2	0.005361930294906166	0.0032	0.0	56
374	0.0036275480	0.000000000000000	1.9580759551590026	2	0.0053475935828877	0.0032	0.0	56
375	0.0036275480	0.000000000000000	1.9580759551590026	2	0.005333333333333333	0.0032	0.0	56
376	0.0036275480	0.000000000000000	1.9580759551590026	2	0.005319148936170213	0.0032	0.0	56
377	0.0036275480	0.000000000000000	1.9580759551590026	2	0.005305039787798408	0.0032	0.0	56
378	0.0036275480	0.000000000000000	1.9580759551590026	2	0.005291005291005291	0.0032	0.0	56
379	0.0036275480	0.000000000000000	1.9580759551590026	2	0.005277044854881266	0.0032	0.0	56
380	0.0036275480	0.000000000000000	1.9580759551590026	2	0.005263157894736842	0.0032	0.0	56
381	0.0036275480	0.000000000000000	1.9580759551590026	2	0.005249343832020997	0.0032	0.0	56
382	0.0036275480	0.000000000000000	1.9580759551590026	2	0.005235602094240838	0.0032	0.0	56
383	0.0036275480	0.000000000000000	1.9580759551590026	2	0.005221932114882507	0.0032	0.0	56
384	0.0036275480	0.000000000000000	1.9580759551590026	2	0.005208333333333333	0.0032	0.0	56
385	0.0036275480	0.000000000000000	1.9580759551590026	2	0.005194805194805195	0.0032	0.0	56
386	0.0036275480	0.000000000000000	1.9383455931791946	2	0.007772020725388601	0.0032	0.0	56
387	0.0036275480	0.000000000000000	1.9383455931791946	2	0.007751937984496124	0.0032	0.0	56
388	0.0036275480	0.000000000000000	1.9383455931791946	2	0.007731958762886598	0.0032	0.0	56
389	0.0036275480	0.000000000000000	1.9383455931791946	2	0.007712082262210797	0.0032	0.0	56
390	0.0036275480	0.000000000000000	1.9383455931791946	2	0.007692307692307693	0.0032	0.0	56
391	0.0036275480	0.000000000000000	1.9383455931791946	2	0.0076726342710997444	0.0032	0.0	56
392	0.0036275480	0.000000000000000	1.9383455931791946	2	0.007653061224489796	0.0032	0.0	56
393	0.0036275480	0.000000000000000	1.9383455931791946	2	0.007633587786259542	0.0032	0.0	56
394	0.0036275480	0.000000000000000	1.9383455931791946	2	0.007614213197969543	0.0032	0.0	56
395	0.0036275480	0.000000000000000	1.9383455931791946	2	0.007594936708860759	0.0032	0.0	56
396	0.0036275480	0.000000000000000	1.9383455931791946	2	0.007575757575757576	0.0032	0.0	56
397	0.0036275480	0.000000000000000	1.9383455931791946	2	0.007556675062972292	0.0032	0.0	56
398	0.0036275480	0.000000000000000	1.9383455931791946	2	0.007537688442211055	0.0032	0.0	56
399	0.0036275480	0.000000000000000	1.9383455931791946	2	0.007518796992481203	0.0032	0.0	56
400	0.0036275480	0.000000000000000	1.9383455931791946	2	0.0075	0.0032	0.0	56
401	0.0036275480	0.000000000000000	1.9383455931791946	2	0.007481296758104738	0.0032	0.0	56
402	0.0036275480	0.000000000000000	1.9383455931791946	2	0.007462686567164179	0.0032	0.0	56
403	0.0036275480	0.000000000000000	1.9383455931791946	2	0.007444168734491315	0.0032	0.0	56
404	0.0036275480	0.000000000000000	1.9383455931791946	2	0.007425742574257425	0.0032	0.0	56
405	0.0036275480	0.000000000000000	1.9383455931791946	2	0.007407407407407408	0.0032	0.0	56
406	0.0036275480	0.000000000000000	1.9383455931791946	2	0.007389162561576354	0.0032	0.0	56
407	0.0036275480	0.000000000000000	1.9383455931791946	2	0.007371007371007371	0.0032	0.0	56
408	0.0072386818	0.000000000000000	2.91098060586495	3	0.00980392156862745	0.0032	0.0	56
409	0.0072386818	0.000000000000000	2.91098060586495	3	0.009779951100244499	0.0032	0.0	56
410	0.0072386818	0.000000000000000	2.91098060586495	3	0.00975609756097561	0.0032	0.0	56
411	0.0072386818	0.000000000000000	2.91098060586495	3	0.009732360097323601	0.0032	0.0	56
412	0.0072715849	0.000000000000000	1.930710967844758	2	0.012135922330097087	0.0032	0.0	56
413	0.0072715849	0.000000000000000	1.930710967844758	2	0.012106537530266344	0.0032	0.0	56
414	0.0072715849	0.000000000000000	1.930710967844758	2	0.012077294685990338	0.0032	0.0	56
415	0.0072715849	0.000000000000000	1.930710967844758	2	0.012048192771084338	0.0032	0.0	56
416	0.0072715849	0.000000000000000	1.930710967844758	2	0.01201923076923077	0.0032	0.0	56
417	0.0072715849	0.000000000000000	1.930710967844758	2	0.011990407673860911	0.0032	0.0	56
418	0.0072715849	0.000000000000000	1.930710967844758	2	0.011961722488038277	0.0032	0.0	56
419	0.0072715849	0.000000000000000	1.930710967844758	2	0.011933174224343675	0.0032	0.0	56
420	0.0072715849	0.000000000000000	1.930710967844758	2	0.011904761904761904	0.0032	0.0	56
421	0.0072715849	0.000000000000000	1.930710967844758	2	0.011876484560570071	0.0032	0.0	56
422	0.0072715849	0.000000000000000	1.930710967844758	2	0.011848341232227487	0.0032	0.0	56
423	0.0072715849	0.000000000000000	1.930710967844758	2	0.01182033096926714	0.0032	0.0	56
424	0.0180558542	0.000000000000000	2.8999363568987886	3	0.014150943396226415	0.0032	0.0	56
425	0.0180558542	0.000000000000000	2.8999363568987886	3	0.01411764705882353	0.0032	0.0	56
426	0.0180558542	0.000000000000000	2.8999363568987886	3	0.014084507042253521	0.0032	0.0	56
427	0.0180558542	0.000000000000000	2.8999363568987886	3	0.01405152224824356	0.0032	0.0	56
428	0.0180558542	0.000000000000000	2.8999363568987886	3	0.014018691588785047	0.0032	0.0	56
429	0.0180558542	0.000000000000000	2.8999363568987886	3	0.013986013986013986	0.0032	0.0	56
430	0.0180558542	0.000000000000000	2.8999363568987886	3	0.013953488372093023	0.0032	0.0	56
431	0.0180558542	0.000000000000000	2.8999363568987886	3	0.013921113689095127	0.0032	0.0	56
432	0.0180558542	0.000000000000000	2.8999363568987886	3	0.013888888888888888	0.0032	0.0	56
433	0.0182203722	0.000000000000000	3.8163138725129455	4	0.016166281755196306	0.0032	0.0	56
434	0.0182203722	0.000000000000000	3.8163138725129455	4	0.016129032258064516	0.0032	0.0	56
435	0.0182203722	0.000000000000000	3.8163138725129455	4	0.016091954022988506	0.0032	0.0	56
436	0.0182203722	0.000000000000000	3.8163138725129455	4	0.016055045871559634	0.0032	0.0	56
437	0.0182203722	0.000000000000000	3.8163138725129455	4	0.016018306636155607	0.0032	0.0	56
438	0.0182203722	0.000000000000000	3.8163138725129455	4	0.01598173515981735	0.0032	0.0	56
439	0.0182203722	0.000000000000000	3.8163138725129455	4	0.015945330296127564	0.0032	0.0	56
440	0.0182203722	0.000000000000000	3.8163138725129455	4	0.015909090909090907	0.0032	0.0	56
441	0.0182203722	0.000000000000000	3.8163138725129455	4	0.015873015873015872	0.0032	0.0	56
442	0.0182203722	0.000000000000000	3.8163138725129455	4	0.01583710407239819	0.0032	0.0	56
443	0.0182203722	0.000000000000000	3.8163138725129455	4	0.01580135440180587	0.0032	0.0	56
444	0.0182203722	0.000000000000000	3.8163138725129455	4	0.015765765765765764	0.0032	0.0	56
445	0.0182203722	0.000000000000000	3.8163138725129455	4	0.015730337078651686	0.0032	0.0	56
446	0.0182203722	0.000000000000000	3.8163138725129455	4	0.01569506726457399	0.0032	0.0	56
447	0.0182203722	0.000000000000000	4.803176206545091	5	0.017897091722595078	0.0032	0.0	56
448	0.0182203722	0.000000000000000	4.803176206545091	5	0.017857142857142856	0.0032	0.0	56
449	0.0182203722	0.000000000000000	4.803176206545091	5	0.017817371937639197	0.0032	0.0	56
450	0.0182203722	0.000000000000000	4.803176206545091	5	0.017777777777777778	0.0032	0.0	56
451	0.0182203722	0.000000000000000	4.803176206545091	5	0.017738359201773836	0.0032	0.0	56
452	0.0182203722	0.000000000000000	4.803176206545091	5	0.017699115044247787	0.0032	0.0	56
453	0.0182203722	0.000000000000000	4.803176206545091	5	0.017660044150110375	0.0032	0.0	56
454	0.0182203722	0.000000000000000	4.803176206545091	5	0.01762114537444934	0.0032	0.0	56
455	0.0182203722	0.000000000000000	4.803176206545091	5	0.017582417582417582	0.0032	0.0	56
456	0.0182203722	0.000000000000000	4.803176206545091	5	0.017543859649122806	0.0032	0.0	56
457	0.0182203722	0.000000000000000	4.803176206545091	5	0.0175054704595186	0.0032	0.0	56
458	0.0182203722	0.000000000000000	4.803176206545091	5	0.017467248908296942	0.0032	0.0	56
459	0.0182203722	0.000000000000000	4.803176206545091	5	0.017429193899782137	0.0032	0.0	56
460	0.0182203722	0.000000000000000	4.803176206545091	5	0.017391304347826087	0.0032	0.0	56
461	0.0182203722	0.000000000000000	4.803176206545091	5	0.01735357917570499	0.0032	0.0	56
462	0.0182203722	0.000000000000000	4.803176206545091	5	0.017316017316017316	0.0032	0.0	56
463	0.0182203722	0.000000000000000	5.780840894133442	6	0.019438444924406047	0.0032	0.0	56
464	0.0182203722	0.000000000000000	5.780840894133442	6	0.01939655172413793	0.0032	0.0	56
465	0.0182203722	0.000000000000000	5.780840894133442	6	0.01935483870967742	0.0032	0.0	56
466	0.0182203722	0.000000000000000	5.780840894133442	6	0.019313304721030045	0.0032	0.0	56
467	0.0182203722	0.000000000000000	5.780840894133442	6	0.019271948608137045	0.0032	0.0	56
468	0.0182203722	0.000000000000000	5.780840894133442	6	0.019230769230769232	0.0032	0.0	56
469	0.0182203722	0.000000000000000	5.79713016013193	6	0.021321961620469083	0.0032	0.0	56
470	0.0217160455	0.000000000000000	6.7855007077130045	7	0.023404255319148935	0.0032	0.0	56
471	0.0217160455	0.000000000000000	6.7855007077130045	7	0.02335456475583864	0.0032	0.0	56
472	0.0217160455	0.000000000000000	6.7855007077130045	7	0.023305084745762712	0.0032	0.0	56
473	0.0217160455	0.000000000000000	6.7855007077130045	7	0.023255813953488372	0.0032	0.0	56
474	0.0217160455	0.000000000000000	6.7855007077130045	7	0.023206751054852322	0.0032	0.0	56
475	0.0217160455	0.000000000000000	6.7855007077130045	7	0.023157894736842106	0.0032	0.0	56
476	0.0217160455	0.000000000000000	6.7855007077130045	7	0.023109243697478993	0.0032	0.0	56
477	0.0217160455	0.000000000000000	6.7855007077130045	7	0.023060796645702306	0.0032	0.0	56
478	0.0217160455	0.000000000000000	6.7855007077130045	7	0.02301255230125523	0.0032	0.0	56
479	0.0217160455	0.000000000000000	6.7855007077130045	7	0.022964509394572025	0.0032	0.0	56
480	0.0217160455	0.000000000000000	6.7855007077130045	7	0.022916666666666665	0.0032	0.0	56
481	0.0217160455	0.000000000000000	6.7855007077130045	7	0.02286902286902287	0.0032	0.0	56
482	0.0217160455	0.000000000000000	6.7855007077130045	7	0.022821576763485476	0.0032	0.0	56
483	0.0217160455	0.000000000000000	6.7855007077130045	7	0.022774327122153208	0.0032	0.0	56
484	0.0217160455	0.000000000000000	6.7855007077130045	7	0.022727272727272728	0.0032	0.0	56
485	0.0217160455	0.000000000000000	6.7855007077130045	7	0.02268041237113402	0.0032	0.0	56
486	0.0217160455	0.000000000000000	6.7855007077130045	7	0.02263374485596708	0.0032	0.0	56
487	0.0217160455	0.000000000000000	6.7855007077130045	7	0.022587268993839837	0.0032	0.0	56
488	0.0217160455	0.000000000000000	6.7855007077130045	7	0.022540983606557378	0.0032	0.0	56
489	0.0217160455	0.000000000000000	6.7855007077130045	7	0.022494887525562373	0.0032	0.0	56
490	0.0217160455	0.000000000000000	6.7855007077130045	7	0.022448979591836733	0.0032	0.0	56
491	0.0217160455	0.000000000000000	6.7855007077130045	7	0.02240325865580448	0.0032	0.0	56
492	0.0217160455	0.000000000000000	6.7855007077130045	7	0.022357723577235773	0.0032	0.0	56
493	0.0250519928	0.000000000000000	7.75813572039876	8	0.02434077079107505	0.0032	0.0	56
494	0.0250519928	0.000000000000000	7.75813572039876	8	0.024291497975708502	0.0032	0.0	56
495	0.0179747043	0.000000000000000	7.729388242796078	8	0.026262626262626262	0.0032	0.0	56
496	0.0179747043	0.000000000000000	7.729388242796078	8	0.02620967741935484	0.0032	0.0	56
497	0.0179747043	0.000000000000000	7.729388242796078	8	0.026156941649899398	0.0032	0.0	56
498	0.0179747043	0.000000000000000	7.729388242796078	8	0.02610441767068273	0.0032	0.0	56
499	0.0179747043	0.000000000000000	7.729388242796078	8	0.026052104208416832	0.0032	0.0	56
500	0.0179747043	0.000000000000000	7.729388242796078	8	0.026	0.0032	0.0	56
501	0.0179747043	0.000000000000000	7.729388242796078	8	0.02594810379241517	0.0032	0.0	56
502	0.0179747043	0.000000000000000	7.729388242796078	8	0.025896414342629483	0.0032	0.0	56
503	0.0179747043	0.000000000000000	7.729388242796078	8	0.02584493041749503	0.0032	0.0	56
504	0.0179747043	0.000000000000000	7.729388242796078	8	0.025793650793650792	0.0032	0.0	56
505	0.0179747043	0.000000000000000	7.729388242796078	8	0.02574257425742574	0.0032	0.0	56
506	0.0179747043	0.000000000000000	7.729388242796078	8	0.025691699604743084	0.0032	0.0	56
507	0.0179747043	0.000000000000000	7.729388242796078	8	0.02564102564102564	0.0032	0.0	56
508	0.0179747043	0.000000000000000	7.729388242796078	8	0.025590551181102362	0.0032	0.0	56
509	0.0179747043	0.000000000000000	7.729388242796078	8	0.025540275049115914	0.0032	0.0	56
510	0.0179747043	0.000000000000000	7.729388242796078	8	0.025490196078431372	0.0032	0.0	56
511	0.0179747043	0.000000000000000	7.729388242796078	8	0.025440313111545987	0.0032	0.0	56
512	0.0179747043	0.000000000000000	7.729388242796078	8	0.025390625	0.0032	0.0	56
513	0.0179747043	0.000000000000000	7.729388242796078	8	0.025341130604288498	0.0032	0.0	56
514	0.0179747043	0.000000000000000	7.729388242796078	8	0.02529182879377432	0.0032	0.0	56
515	0.0179747043	0.000000000000000	7.729388242796078	8	0.02524271844660194	0.0032	0.0	56
516	0.0179747043	0.000000000000000	7.729388242796078	8	0.025193798449612403	0.0032	0.0	56
517	0.0179747043	0.000000000000000	7.729388242796078	8	0.025145067698259187	0.0032	0.0	56
518	0.0179747043	0.000000000000000	7.729388242796078	8	0.025096525096525095	0.0032	0.0	56
519	0.0179747043	0.000000000000000	7.729388242796078	8	0.025048169556840076	0.0032	0.0	56
520	0.0179747043	0.000000000000000	7.729388242796078	8	0.025	0.0032	0.0	56
521	0.0179747043	0.000000000000000	7.729388242796078	8	0.02495201535508637	0.0032	0.0	56
522	0.0179747043	0.000000000000000	7.729388242796078	8	0.02490421455938697	0.0032	0.0	56
523	0.0179747043	0.000000000000000	7.729388242796078	8	0.0248565965583174	0.0032	0.0	56
524	0.0179747043	0.000000000000000	7.729388242796078	8	0.02480916030534351	0.0032	0.0	56
525	0.0179747043	0.000000000000000	7.729388242796078	8	0.024761904761904763	0.0032	0.0	56
526	0.0179747043	0.000000000000000	7.729388242796078	8	0.024714828897338403	0.0032	0.0	56
527	0.0179747043	0.000000000000000	7.729388242796078	8	0.024667931688804556	0.0032	0.0	56
528	0.0179747043	0.000000000000000	7.729388242796078	8	0.02462121212121212	0.0032	0.0	56
529	0.0179747043	0.000000000000000	7.729388242796078	8	0.024574669187145556	0.0032	0.0	56
530	0.0179747043	0.000000000000000	7.729388242796078	8	0.024528301886792454	0.0032	0.0	56
531	0.0179747043	0.000000000000000	7.729388242796078	8	0.02448210922787194	0.0032	0.0	56
532	0.0288243006	0.000000000000000	8.57363720790548	9	0.02631578947368421	0.0032	0.0	56
533	0.0288243006	0.000000000000000	8.57363720790548	9	0.02626641651031895	0.0032	0.0	56
534	0.0288243006	0.000000000000000	8.57363720790548	9	0.026217228464419477	0.0032	0.0	56
535	0.0288243006	0.000000000000000	8.57363720790548	9	0.026168224299065422	0.0032	0.0	56
536	0.0288243006	0.000000000000000	8.57363720790548	9	0.026119402985074626	0.0032	0.0	56
537	0.0288243006	0.000000000000000	8.57363720790548	9	0.0260707635009311	0.0032	0.0	56
538	0.0288243006	0.000000000000000	8.57363720790548	9	0.026022304832713755	0.0032	0.0	56
539	0.0288243006	0.000000000000000	8.57363720790548	9	0.025974025974025976	0.0032	0.0	56
540	0.0288243006	0.000000000000000	8.57363720790548	9	0.025925925925925925	0.0032	0.0	56
541	0.0288243006	0.000000000000000	8.57363720790548	9	0.025878003696857672	0.0032	0.0	56
542	0.0288243006	0.000000000000000	8.57363720790548	9	0.025830258302583026	0.0032	0.0	56
543	0.0288243006	0.000000000000000	8.57363720790548	9	0.02578268876611418	0.0032	0.0	56
544	0.0288243006	0.000000000000000	8.57363720790548	9	0.025735294117647058	0.0032	0.0	56
545	0.0288243006	0.000000000000000	8.57363720790548	9	0.025688073394495414	0.0032	0.0	56
546	0.0288243006	0.000000000000000	8.57363720790548	9	0.02564102564102564	0.0032	0.0	56
547	0.0288243006	0.000000000000000	8.57363720790548	9	0.025594149908592323	0.0032	0.0	56
548	0.0288243006	0.000000000000000	8.57363720790548	9	0.025547445255474453	0.0032	0.0	56
549	0.0288243006	0.000000000000000	8.57363720790548	9	0.025500910746812388	0.0032	0.0	56
550	0.0288243006	0.000000000000000	8.57363720790548	9	0.025454545454545455	0.0032	0.0	56
551	0.0253928362	0.000000000000000	8.59927198674799	9	0.02722323049001815	0.0032	0.0	56
552	0.0253928362	0.000000000000000	8.59927198674799	9	0.02717391304347826	0.0032	0.0	56
553	0.0253928362	0.000000000000000	8.59927198674799	9	0.027124773960216998	0.0032	0.0	56
554	0.0252781959	0.000000000000000	9.567638398961732	10	0.02888086642599278	0.0032	0.0	56
555	0.0252781959	0.000000000000000	9.567638398961732	10	0.02882882882882883	0.0032	0.0	56
556	0.0252781959	0.000000000000000	9.567638398961732	10	0.02877697841726619	0.0032	0.0	56
557	0.0252781959	0.000000000000000	9.567638398961732	10	0.02872531418312388	0.0032	0.0	56
558	0.0252781959	0.000000000000000	9.567638398961732	10	0.02867383512544803	0.0032	0.0	56
559	0.0252781959	0.000000000000000	9.567638398961732	10	0.028622540250447227	0.0032	0.0	56
560	0.0252781959	0.000000000000000	9.567638398961732	10	0.02857142857142857	0.0032	0.0	56
561	0.0252781959	0.000000000000000	9.567638398961732	10	0.0285204991087344	0.0032	0.0	56
562	0.0252781959	0.000000000000000	9.567638398961732	10	0.028469750889679714	0.0032	0.0	56
563	0.0252781959	0.000000000000000	9.567638398961732	10	0.028419182948490232	0.0032	0.0	56
564	0.0216182254	0.000000000000000	9.583159358537896	10	0.030141843971631204	0.0032	0.0	56
565	0.0216182254	0.000000000000000	9.583159358537896	10	0.03008849557522124	0.0032	0.0	56
566	0.0216182254	0.000000000000000	9.583159358537896	10	0.030035335689045935	0.0032	0.0	56
567	0.0216182254	0.000000000000000	9.583159358537896	10	0.029982363315696647	0.0032	0.0	56
568	0.0216182254	0.000000000000000	9.583159358537896	10	0.02992957746478873	0.0032	0.0	56
569	0.0216182254	0.000000000000000	9.583159358537896	10	0.029876977152899824	0.0032	0.0	56
570	0.0253928362	0.000000000000000	10.560474640116464	11	0.031578947368421054	0.0032	0.0	56
571	0.0253928362	0.000000000000000	10.560474640116464	11	0.03152364273204904	0.0032	0.0	56
572	0.0253928362	0.000000000000000	10.560474640116464	11	0.03146853146853147	0.0032	0.0	56
573	0.0253928362	0.000000000000000	10.560474640116464	11	0.031413612565445025	0.0032	0.0	56
574	0.0253928362	0.000000000000000	10.560474640116464	11	0.0313588850174216	0.0032	0.0	56
575	0.0253928362	0.000000000000000	10.560474640116464	11	0.03130434782608696	0.0032	0.0	56
576	0.0253928362	0.000000000000000	10.560474640116464	11	0.03125	0.0032	0.0	56
577	0.0217160455	0.000000000000000	10.563079590548304	11	0.03292894280762565	0.0032	0.0	56
578	0.0217160455	0.000000000000000	11.539015074419272	12	0.03460207612456748	0.0032	0.0	56
579	0.0217160455	0.000000000000000	11.539015074419272	12	0.03454231433506045	0.0032	0.0	56
580	0.0217160455	0.000000000000000	11.539015074419272	12	0.034482758620689655	0.0032	0.0	56
581	0.0217160455	0.000000000000000	11.539015074419272	12	0.03442340791738382	0.0032	0.0	56
582	0.0217160455	0.000000000000000	11.539015074419272	12	0.03436426116838488	0.0032	0.0	56
583	0.0217160455	0.000000000000000	11.539015074419272	12	0.03430531732418525	0.0032	0.0	56
584	0.0217160455	0.000000000000000	11.539015074419272	12	0.03424657534246575	0.0032	0.0	56
585	0.0217160455	0.000000000000000	11.539015074419272	12	0.03418803418803419	0.0032	0.0	56
586	0.0217160455	0.000000000000000	11.539015074419272	12	0.034129692832764506	0.0032	0.0	56
587	0.0217160455	0.000000000000000	11.539015074419272	12	0.034071550255536626	0.0032	0.0	56
588	0.0217160455	0.000000000000000	11.539015074419272	12	0.034013605442176874	0.0032	0.0	56
589	0.0217160455	0.000000000000000	11.539015074419272	12	0.03395585738539898	0.0032	0.0	56
590	0.0217160455	0.000000000000000	11.539015074419272	12	0.03389830508474576	0.0032	0.0	56
591	0.0217160455	0.000000000000000	11.539015074419272	12	0.0338409475465313	0.0032	0.0	56
592	0.0217160455	0.000000000000000	11.539015074419272	12	0.033783783783783786	0.0032	0.0	56
593	0.0217160455	0.000000000000000	11.539015074419272	12	0.03372681281618887	0.0032	0.0	56
594	0.0217160455	0.000000000000000	11.539015074419272	12	0.03367003367003367	0.0032	0.0	56
595	0.0217160455	0.000000000000000	11.539015074419272	12	0.03361344537815126	0.0032	0.0	56
596	0.0217160455	0.000000000000000	11.539015074419272	12	0.03355704697986577	0.0032	0.0	56
597	0.0217160455	0.000000000000000	11.539015074419272	12	0.03350083752093802	0.0032	0.0	56
598	0.0253928362	0.000000000000000	12.52626970909757	13	0.03511705685618729	0.0032	0.0	56
599	0.0253928362	0.000000000000000	12.52626970909757	13	0.035058430717863104	0.0032	0.0	56
600	0.0253928362	0.000000000000000	12.52626970909757	13	0.035	0.0032	0.0	56
601	0.0253928362	0.000000000000000	12.52626970909757	13	0.03494176372712146	0.0032	0.0	56
602	0.0253928362	0.000000000000000	12.52626970909757	13	0.03488372093023256	0.0032	0.0	56
603	0.0253928362	0.000000000000000	12.52626970909757	13	0.03482587064676617	0.0032	0.0	56
604	0.0253928362	0.000000000000000	12.52626970909757	13	0.0347682119205298	0.0032	0.0	56
605	0.0253928362	0.000000000000000	12.52626970909757	13	0.03471074380165289	0.0032	0.0	56
606	0.0182203722	0.000000000000000	13.442647224711726	14	0.036303630363036306	0.0032	0.0	56
607	0.0182203722	0.000000000000000	13.442647224711726	14	0.036243822075782535	0.0032	0.0	56
608	0.0182203722	0.000000000000000	13.442647224711726	14	0.03618421052631579	0.0032	0.0	56
609	0.0217160455	0.000000000000000	13.44560158115335	14	0.03776683087027915	0.0032	0.0	56
610	0.0144773636	0.000000000000000	13.43923869116977	14	0.03934426229508197	0.0032	0.0	56
611	0.0144773636	0.000000000000000	13.43923869116977	14	0.03927986906710311	0.0032	0.0	56
612	0.0144773636	0.000000000000000	13.43923869116977	14	0.0392156862745098	0.0032	0.0	56
613	0.0144773636	0.000000000000000	13.43923869116977	14	0.03915171288743882	0.0032	0.0	56
614	0.0144773636	0.000000000000000	13.43923869116977	14	0.03908794788273615	0.0032	0.0	56
615	0.0144773636	0.000000000000000	13.43923869116977	14	0.03902439024390244	0.0032	0.0	56
616	0.0144773636	0.000000000000000	13.43923869116977	14	0.03896103896103896	0.0032	0.0	56
617	0.0144773636	0.000000000000000	13.43923869116977	14	0.03889789303079417	0.0032	0.0	56
618	0.0144773636	0.000000000000000	13.43923869116977	14	0.038834951456310676	0.0032	0.0	56
619	0.0144773636	0.000000000000000	13.43923869116977	14	0.03877221324717286	0.0032	0.0	56
620	0.0144773636	0.000000000000000	13.43923869116977	14	0.03870967741935484	0.0032	0.0	56
621	0.0144773636	0.000000000000000	13.43923869116977	14	0.03864734299516908	0.0032	0.0	56
622	0.0144773636	0.000000000000000	13.43923869116977	14	0.03858520900321544	0.0032	0.0	56
623	0.0144773636	0.000000000000000	13.43923869116977	14	0.038523274478330656	0.0032	0.0	56
624	0.0144773636	0.000000000000000	13.43923869116977	14	0.038461538461538464	0.0032	0.0	56
625	0.0144773636	0.000000000000000	13.43923869116977	14	0.0384	0.0032	0.0	56
626	0.0144773636	0.000000000000000	13.43923869116977	14	0.038338658146964855	0.0032	0.0	56
627	0.0144773636	0.000000000000000	13.43923869116977	14	0.03827751196172249	0.0032	0.0	56
628	0.0144773636	0.000000000000000	13.43923869116977	14	0.03821656050955414	0.0032	0.0	56
629	0.0144773636	0.000000000000000	13.43923869116977	14	0.03815580286168521	0.0032	0.0	56
630	0.0144773636	0.000000000000000	13.43923869116977	14	0.0380952380952381	0.0032	0.0	56
631	0.0144773636	0.000000000000000	13.43923869116977	14	0.03803486529318542	0.0032	0.0	56
632	0.0144773636	0.000000000000000	13.43923869116977	14	0.0379746835443038	0.0032	0.0	56
633	0.0144773636	0.000000000000000	13.43923869116977	14	0.037914691943127965	0.0032	0.0	56
634	0.0144773636	0.000000000000000	13.43923869116977	14	0.03785488958990536	0.0032	0.0	56
635	0.0144773636	0.000000000000000	13.43923869116977	14	0.03779527559055118	0.0032	0.0	56
636	0.0144773636	0.000000000000000	13.43923869116977	14	0.03773584905660377	0.0032	0.0	56
637	0.0144773636	0.000000000000000	13.43923869116977	14	0.03767660910518053	0.0032	0.0	56
638	0.0144773636	0.000000000000000	13.43923869116977	14	0.03761755485893417	0.0032	0.0	56
639	0.0144773636	0.000000000000000	13.43923869116977	14	0.03755868544600939	0.0032	0.0	56
640	0.0218147548	0.000000000000000	14.415320261590963	15	0.0390625	0.0032	0.0	56
641	0.0218147548	0.000000000000000	14.415320261590963	15	0.0390015600624025	0.0032	0.0	56
642	0.0218147548	0.000000000000000	14.415320261590963	15	0.03894080996884735	0.0032	0.0	56
643	0.0218147548	0.000000000000000	13.442685248905208	14	0.04043545878693624	0.0032	0.0	56
644	0.0218147548	0.000000000000000	13.442685248905208	14	0.040372670807453416	0.0032	0.0	56
645	0.0218147548	0.000000000000000	13.442685248905208	14	0.040310077519379844	0.0032	0.0	56
646	0.0218147548	0.000000000000000	13.442685248905208	14	0.04024767801857585	0.0032	0.0	56
647	0.0218147548	0.000000000000000	13.442685248905208	14	0.0401854714064915	0.0032	0.0	56
648	0.0218147548	0.000000000000000	13.442685248905208	14	0.040123456790123455	0.0032	0.0	56
649	0.0218147548	0.000000000000000	13.442685248905208	14	0.040061633281972264	0.0032	0.0	56
650	0.0218147548	0.000000000000000	13.442685248905208	14	0.04	0.0032	0.0	56
651	0.0218147548	0.000000000000000	13.442685248905208	14	0.039938556067588324	0.0032	0.0	56
652	0.0218147548	0.000000000000000	13.442685248905208	14	0.03987730061349693	0.0032	0.0	56
653	0.0218147548	0.000000000000000	13.442685248905208	14	0.039816232771822356	0.0032	0.0	56
654	0.0218147548	0.000000000000000	13.442685248905208	14	0.039755351681957186	0.0032	0.0	56
655	0.0218147548	0.000000000000000	13.442685248905208	14	0.03969465648854962	0.0032	0.0	56
656	0.0253928362	0.000000000000000	13.384013444550376	14	0.041158536585365856	0.0032	0.0	56
657	0.0253928362	0.000000000000000	13.384013444550376	14	0.0410958904109589	0.0032	0.0	56
658	0.0253928362	0.000000000000000	13.369493288294084	14	0.0425531914893617	0.0032	0.0	56
659	0.0253928362	0.000000000000000	13.369493288294084	14	0.042488619119878605	0.0032	0.0	56
660	0.0253928362	0.000000000000000	13.369493288294084	14	0.04242424242424243	0.0032	0.0	56
661	0.0253928362	0.000000000000000	13.369493288294084	14	0.04236006051437216	0.0032	0.0	56
662	0.0253928362	0.000000000000000	13.369493288294084	14	0.04229607250755287	0.0032	0.0	56
663	0.0253928362	0.000000000000000	13.369493288294084	14	0.042232277526395176	0.0032	0.0	56
664	0.0253928362	0.000000000000000	13.369493288294084	14	0.04216867469879518	0.0032	0.0	56
665	0.0253928362	0.000000000000000	13.369493288294084	14	0.042105263157894736	0.0032	0.0	56
666	0.0253928362	0.000000000000000	13.369493288294084	14	0.042042042042042045	0.0032	0.0	56
667	0.0253928362	0.000000000000000	13.369493288294084	14	0.041979010494752625	0.0032	0.0	56
668	0.0253928362	0.000000000000000	13.369493288294084	14	0.041916167664670656	0.0032	0.0	56
669	0.0256252649	0.000000000000000	13.326177959461875	14	0.043348281016442454	0.0032	0.0	56
670	0.0256252649	0.000000000000000	13.326177959461875	14	0.04328358208955224	0.0032	0.0	56
671	0.0256252649	0.000000000000000	13.326177959461875	14	0.043219076005961254	0.0032	0.0	56
672	0.0256252649	0.000000000000000	13.326177959461875	14	0.043154761904761904	0.0032	0.0	56
673	0.0256252649	0.000000000000000	13.326177959461875	14	0.04309063893016345	0.0032	0.0	56
674	0.0256252649	0.000000000000000	13.326177959461875	14	0.04302670623145401	0.0032	0.0	56
675	0.0256252649	0.000000000000000	13.326177959461875	14	0.04296296296296296	0.0032	0.0	56
676	0.0256252649	0.000000000000000	13.326177959461875	14	0.042899408284023666	0.0032	0.0	56
677	0.0256252649	0.000000000000000	13.326177959461875	14	0.04283604135893648	0.0032	0.0	56
678	0.0256252649	0.000000000000000	13.326177959461875	14	0.04277286135693215	0.0032	0.0	56
679	0.0256252649	0.000000000000000	13.326177959461875	14	0.042709867452135494	0.0032	0.0	56
680	0.0256252649	0.000000000000000	13.326177959461875	14	0.04264705882352941	0.0032	0.0	56
681	0.0292191540	0.000000000000000	13.394759448654051	14	0.04405286343612335	0.0032	0.0	56
682	0.0292191540	0.000000000000000	13.394759448654051	14	0.04398826979472141	0.0032	0.0	56
683	0.0292191540	0.000000000000000	13.394759448654051	14	0.043923865300146414	0.0032	0.0	56
684	0.0292191540	0.000000000000000	13.394759448654051	14	0.043859649122807015	0.0032	0.0	56
685	0.0292191540	0.000000000000000	13.394759448654051	14	0.043795620437956206	0.0032	0.0	56
686	0.0325005376	0.000000000000000	14.3757241342699	15	0.04518950437317784	0.0032	0.0	56
687	0.0325005376	0.000000000000000	14.3757241342699	15	0.04512372634643377	0.0032	0.0	56
688	0.0325005376	0.000000000000000	14.3757241342699	15	0.04505813953488372	0.0032	0.0	56
689	0.0325005376	0.000000000000000	14.3757241342699	15	0.04499274310595065	0.0032	0.0	56
690	0.0325005376	0.000000000000000	14.3757241342699	15	0.04492753623188406	0.0032	0.0	56
691	0.0326479323	0.000000000000000	14.377251031145633	15	0.04630969609261939	0.0032	0.0	56
692	0.0326479323	0.000000000000000	14.377251031145633	15	0.046242774566473986	0.0032	0.0	56
693	0.0326479323	0.000000000000000	14.377251031145633	15	0.046176046176046176	0.0032	0.0	56
694	0.0326479323	0.000000000000000	14.377251031145633	15	0.04610951008645533	0.0032	0.0	56
695	0.0326479323	0.000000000000000	14.377251031145633	15	0.0460431654676259	0.0032	0.0	56
696	0.0360303757	0.000000000000000	15.34252880892341	16	0.04741379310344827	0.0032	0.0	56
697	0.0360303757	0.000000000000000	15.34252880892341	16	0.047345767575322814	0.0032	0.0	56
698	0.0360303757	0.000000000000000	15.34252880892341	16	0.04727793696275072	0.0032	0.0	56
699	0.0360303757	0.000000000000000	15.34252880892341	16	0.04721030042918455	0.0032	0.0	56
700	0.0360303757	0.000000000000000	15.34252880892341	16	0.047142857142857146	0.0032	0.0	56
701	0.0360303757	0.000000000000000	15.34252880892341	16	0.047075606276747506	0.0032	0.0	56
702	0.0360303757	0.000000000000000	15.34252880892341	16	0.04700854700854701	0.0032	0.0	56
703	0.0360303757	0.000000000000000	15.34252880892341	16	0.04694167852062589	0.0032	0.0	56
704	0.0360303757	0.000000000000000	15.34252880892341	16	0.046875	0.0032	0.0	56
705	0.0360303757	0.000000000000000	15.34252880892341	16	0.04680851063829787	0.0032	0.0	56
706	0.0360303757	0.000000000000000	15.34252880892341	16	0.046742209631728045	0.0032	0.0	56
707	0.0360303757	0.000000000000000	15.34252880892341	16	0.04667609618104668	0.0032	0.0	56
708	0.0360303757	0.000000000000000	15.34252880892341	16	0.046610169491525424	0.0032	0.0	56
709	0.0360303757	0.000000000000000	15.34252880892341	16	0.0465444287729196	0.0032	0.0	56
710	0.0326479323	0.000000000000000	15.401200613278242	16	0.04788732394366197	0.0032	0.0	56
711	0.0326479323	0.000000000000000	15.401200613278242	16	0.04781997187060478	0.0032	0.0	56
712	0.0326479323	0.000000000000000	15.401200613278242	16	0.047752808988764044	0.0032	0.0	56
713	0.0326479323	0.000000000000000	15.401200613278242	16	0.047685834502103785	0.0032	0.0	56
714	0.0326479323	0.000000000000000	15.401200613278242	16	0.047619047619047616	0.0032	0.0	56
715	0.0326479323	0.000000000000000	15.401200613278242	16	0.04755244755244755	0.0032	0.0	56
716	0.0326479323	0.000000000000000	15.401200613278242	16	0.04748603351955307	0.0032	0.0	56
717	0.0323544677	0.000000000000000	16.38595269752572	17	0.04881450488145049	0.0032	0.0	56
718	0.0323544677	0.000000000000000	16.38595269752572	17	0.04874651810584958	0.0032	0.0	56
719	0.0325005376	0.000000000000000	17.19234367496933	18	0.05006954102920723	0.0032	0.0	56
720	0.0325005376	0.000000000000000	17.19234367496933	18	0.05	0.0032	0.0	56
721	0.0325005376	0.000000000000000	17.19234367496933	18	0.049930651872399444	0.0032	0.0	56
722	0.0325005376	0.000000000000000	17.153109263784838	18	0.05124653739612189	0.0032	0.0	56
723	0.0325005376	0.000000000000000	17.21424398690364	18	0.05255878284923928	0.0032	0.0	56
724	0.0325005376	0.000000000000000	17.21424398690364	18	0.052486187845303865	0.0032	0.0	56
725	0.0325005376	0.000000000000000	17.21424398690364	18	0.05241379310344828	0.0032	0.0	56
726	0.0325005376	0.000000000000000	17.21424398690364	18	0.05234159779614325	0.0032	0.0	56
727	0.0325005376	0.000000000000000	17.21424398690364	18	0.052269601100412656	0.0032	0.0	56
728	0.0325005376	0.000000000000000	17.21424398690364	18	0.0521978021978022	0.0032	0.0	56
729	0.0325005376	0.000000000000000	17.21424398690364	18	0.05212620027434842	0.0032	0.0	56
730	0.0325005376	0.000000000000000	17.21424398690364	18	0.052054794520547946	0.0032	0.0	56
731	0.0325005376	0.000000000000000	17.21424398690364	18	0.05198358413132695	0.0032	0.0	56
732	0.0325005376	0.000000000000000	17.21424398690364	18	0.05191256830601093	0.0032	0.0	56
733	0.0325005376	0.000000000000000	17.21424398690364	18	0.05184174624829468	0.0032	0.0	56
734	0.0325005376	0.000000000000000	17.21424398690364	18	0.051771117166212535	0.0032	0.0	56
735	0.0325005376	0.000000000000000	17.21424398690364	18	0.05170068027210884	0.0032	0.0	56
736	0.0361934091	0.000000000000000	18.185582216197805	19	0.05298913043478261	0.0032	0.0	56
737	0.0361934091	0.000000000000000	18.185582216197805	19	0.052917232021709636	0.0032	0.0	56
738	0.0361934091	0.000000000000000	18.185582216197805	19	0.052845528455284556	0.0032	0.0	56
739	0.0361934091	0.000000000000000	18.185582216197805	19	0.05277401894451962	0.0032	0.0	56
740	0.0361934091	0.000000000000000	18.224816627382296	19	0.05405405405405406	0.0032	0.0	56
741	0.0325005376	0.000000000000000	18.25347839808813	19	0.0553306342780027	0.0032	0.0	56
742	0.0323544677	0.000000000000000	19.238437402894462	20	0.05660377358490566	0.0032	0.0	56
743	0.0323544677	0.000000000000000	19.238437402894462	20	0.05652759084791386	0.0032	0.0	56
744	0.0323544677	0.000000000000000	19.238437402894462	20	0.056451612903225805	0.0032	0.0	56
745	0.0360303757	0.000000000000000	20.137880454969093	21	0.05771812080536913	0.0032	0.0	56
746	0.0360303757	0.000000000000000	20.137880454969093	21	0.057640750670241284	0.0032	0.0	56
747	0.0360303757	0.000000000000000	20.137880454969093	21	0.05756358768406961	0.0032	0.0	56
748	0.0360303757	0.000000000000000	20.137880454969093	21	0.05748663101604278	0.0032	0.0	56
749	0.0289547273	0.000000000000000	20.10921868426326	21	0.05874499332443257	0.0032	0.0	56
750	0.0289547273	0.000000000000000	20.10921868426326	21	0.058666666666666666	0.0032	0.0	56
751	0.0289547273	0.000000000000000	20.10921868426326	21	0.05858854860186418	0.0032	0.0	56
752	0.0289547273	0.000000000000000	20.10921868426326	21	0.05851063829787234	0.0032	0.0	56
753	0.0289547273	0.000000000000000	20.10921868426326	21	0.05843293492695883	0.0032	0.0	56
754	0.0289547273	0.000000000000000	20.10921868426326	21	0.058355437665782495	0.0032	0.0	56
755	0.0289547273	0.000000000000000	20.10921868426326	21	0.05827814569536424	0.0032	0.0	56
756	0.0289547273	0.000000000000000	20.10921868426326	21	0.0582010582010582	0.0032	0.0	56
757	0.0289547273	0.000000000000000	20.10921868426326	21	0.05812417437252312	0.0032	0.0	56
758	0.0289547273	0.000000000000000	20.10921868426326	21	0.05804749340369393	0.0032	0.0	56
759	0.0289547273	0.000000000000000	20.10921868426326	21	0.057971014492753624	0.0032	0.0	56
760	0.0289547273	0.000000000000000	20.10921868426326	21	0.05789473684210526	0.0032	0.0	56
761	0.0289547273	0.000000000000000	20.10921868426326	21	0.05781865965834428	0.0032	0.0	56
762	0.0252781959	0.000000000000000	19.919415507959485	21	0.05905511811023622	0.0032	0.0	56
763	0.0252781959	0.000000000000000	19.919415507959485	21	0.05897771952817824	0.0032	0.0	56
764	0.0252781959	0.000000000000000	19.919415507959485	21	0.058900523560209424	0.0032	0.0	56
765	0.0252781959	0.000000000000000	19.919415507959485	21	0.058823529411764705	0.0032	0.0	56
766	0.0252781959	0.000000000000000	19.919415507959485	21	0.0587467362924282	0.0032	0.0	56
767	0.0252781959	0.000000000000000	19.919415507959485	21	0.05867014341590613	0.0032	0.0	56
768	0.0252781959	0.000000000000000	19.919415507959485	21	0.05859375	0.0032	0.0	56
769	0.0252781959	0.000000000000000	19.919415507959485	21	0.05851755526657997	0.0032	0.0	56
770	0.0252781959	0.000000000000000	19.919415507959485	21	0.05844155844155844	0.0032	0.0	56
771	0.0252781959	0.000000000000000	19.919415507959485	21	0.058365758754863814	0.0032	0.0	56
772	0.0252781959	0.000000000000000	19.919415507959485	21	0.05829015544041451	0.0032	0.0	56
773	0.0252781959	0.000000000000000	19.919415507959485	21	0.05821474773609314	0.0032	0.0	56
774	0.0252781959	0.000000000000000	19.919415507959485	21	0.05813953488372093	0.0032	0.0	56
775	0.0252781959	0.000000000000000	19.919415507959485	21	0.05806451612903226	0.0032	0.0	56
776	0.0252781959	0.000000000000000	19.919415507959485	21	0.05798969072164949	0.0032	0.0	56
777	0.0252781959	0.000000000000000	19.919415507959485	21	0.05791505791505792	0.0032	0.0	56
778	0.0252781959	0.000000000000000	19.919415507959485	21	0.05784061696658098	0.0032	0.0	56
779	0.0252781959	0.000000000000000	19.919415507959485	21	0.057766367137355584	0.0032	0.0	56
780	0.0252781959	0.000000000000000	19.919415507959485	21	0.057692307692307696	0.0032	0.0	56
781	0.0252781959	0.000000000000000	19.919415507959485	21	0.05761843790012804	0.0032	0.0	56
782	0.0252781959	0.000000000000000	19.919415507959485	21	0.05754475703324808	0.0032	0.0	56
783	0.0252781959	0.000000000000000	19.919415507959485	21	0.05747126436781609	0.0032	0.0	56
784	0.0252781959	0.000000000000000	19.919415507959485	21	0.05739795918367347	0.0032	0.0	56
785	0.0252781959	0.000000000000000	19.919415507959485	21	0.05732484076433121	0.0032	0.0	56
786	0.0252781959	0.000000000000000	19.919415507959485	21	0.05725190839694656	0.0032	0.0	56
787	0.0252781959	0.000000000000000	19.919415507959485	21	0.05717916137229987	0.0032	0.0	56
788	0.0252781959	0.000000000000000	19.919415507959485	21	0.05710659898477157	0.0032	0.0	56
789	0.0252781959	0.000000000000000	19.919415507959485	21	0.057034220532319393	0.0032	0.0	56
790	0.0252781959	0.000000000000000	19.919415507959485	21	0.056962025316455694	0.0032	0.0	56
791	0.0252781959	0.000000000000000	19.919415507959485	21	0.056890012642225034	0.0032	0.0	56
792	0.0252781959	0.000000000000000	19.919415507959485	21	0.056818181818181816	0.0032	0.0	56
793	0.0252781959	0.000000000000000	19.919415507959485	21	0.05674653215636822	0.0032	0.0	56
794	0.0252781959	0.000000000000000	19.919415507959485	21	0.05667506297229219	0.0032	0.0	56
795	0.0252781959	0.000000000000000	19.919415507959485	21	0.05660377358490566	0.0032	0.0	56
796	0.0252781959	0.000000000000000	19.919415507959485	21	0.056532663316582916	0.0032	0.0	56
797	0.0252781959	0.000000000000000	19.919415507959485	21	0.056461731493099125	0.0032	0.0	56
798	0.0252781959	0.000000000000000	19.919415507959485	21	0.05639097744360902	0.0032	0.0	56
799	0.0252781959	0.000000000000000	19.919415507959485	21	0.056320400500625784	0.0032	0.0	56
800	0.0289547273	0.000000000000000	19.860743703604648	21	0.0575	0.0032	0.0	56
801	0.0289547273	0.000000000000000	19.860743703604648	21	0.05742821473158552	0.0032	0.0	56
802	0.0289547273	0.000000000000000	19.860743703604648	21	0.057356608478802994	0.0032	0.0	56
803	0.0289547273	0.000000000000000	19.860743703604648	21	0.057285180572851806	0.0032	0.0	56
804	0.0289547273	0.000000000000000	19.860743703604648	21	0.05721393034825871	0.0032	0.0	56
805	0.0289547273	0.000000000000000	19.860743703604648	21	0.05714285714285714	0.0032	0.0	56
806	0.0289547273	0.000000000000000	20.845702708410982	22	0.05831265508684864	0.0032	0.0	56
807	0.0326479323	0.000000000000000	20.946259656336352	22	0.05947955390334572	0.0032	0.0	56
808	0.0326479323	0.000000000000000	20.946259656336352	22	0.0594059405940594	0.0032	0.0	56
809	0.0326479323	0.000000000000000	20.946259656336352	22	0.059332509270704575	0.0032	0.0	56
810	0.0326479323	0.000000000000000	20.946259656336352	22	0.05925925925925926	0.0032	0.0	56
811	0.0326479323	0.000000000000000	20.946259656336352	22	0.059186189889025895	0.0032	0.0	56
812	0.0325005376	0.000000000000000	20.90985881380449	22	0.0603448275862069	0.0032	0.0	56
813	0.0325005376	0.000000000000000	20.90985881380449	22	0.06027060270602706	0.0032	0.0	56
814	0.0325005376	0.000000000000000	20.90985881380449	22	0.060196560196560195	0.0032	0.0	56
815	0.0325005376	0.000000000000000	20.90985881380449	22	0.06012269938650307	0.0032	0.0	56
816	0.0325005376	0.000000000000000	20.90985881380449	22	0.06004901960784314	0.0032	0.0	56
817	0.0325005376	0.000000000000000	20.90985881380449	22	0.05997552019583843	0.0032	0.0	56
818	0.0325005376	0.000000000000000	20.90985881380449	22	0.05990220048899755	0.0032	0.0	56
819	0.0325005376	0.000000000000000	20.90985881380449	22	0.05982905982905983	0.0032	0.0	56
820	0.0325005376	0.000000000000000	20.90985881380449	22	0.05975609756097561	0.0032	0.0	56
821	0.0325005376	0.000000000000000	20.90985881380449	22	0.05968331303288672	0.0032	0.0	56
822	0.0325005376	0.000000000000000	20.90985881380449	22	0.05961070559610705	0.0032	0.0	56
823	0.0325005376	0.000000000000000	20.90985881380449	22	0.05953827460510328	0.0032	0.0	56
824	0.0325005376	0.000000000000000	20.90985881380449	22	0.05946601941747573	0.0032	0.0	56
825	0.0325005376	0.000000000000000	20.90985881380449	22	0.059393939393939395	0.0032	0.0	56
826	0.0325005376	0.000000000000000	20.90985881380449	22	0.059322033898305086	0.0032	0.0	56
827	0.0325005376	0.000000000000000	20.90985881380449	22	0.0592503022974607	0.0032	0.0	56
828	0.0325005376	0.000000000000000	20.90985881380449	22	0.059178743961352656	0.0032	0.0	56
829	0.0325005376	0.000000000000000	20.905169447018352	22	0.06031363088057901	0.0032	0.0	56
830	0.0325005376	0.000000000000000	20.905169447018352	22	0.060240963855421686	0.0032	0.0	56
831	0.0325005376	0.000000000000000	20.905169447018352	22	0.06016847172081829	0.0032	0.0	56
832	0.0325005376	0.000000000000000	20.905169447018352	22	0.06009615384615385	0.0032	0.0	56
833	0.0325005376	0.000000000000000	20.905169447018352	22	0.060024009603841535	0.0032	0.0	56
834	0.0325005376	0.000000000000000	20.905169447018352	22	0.05995203836930456	0.0032	0.0	56
835	0.0325005376	0.000000000000000	20.905169447018352	22	0.059880239520958084	0.0032	0.0	56
836	0.0325005376	0.000000000000000	20.905169447018352	22	0.05980861244019139	0.0032	0.0	56
837	0.0325005376	0.000000000000000	20.905169447018352	22	0.05973715651135006	0.0032	0.0	56
838	0.0325005376	0.000000000000000	20.905169447018352	22	0.059665871121718374	0.0032	0.0	56
839	0.0325005376	0.000000000000000	20.905169447018352	22	0.05959475566150179	0.0032	0.0	56
840	0.0325005376	0.000000000000000	20.905169447018352	22	0.05952380952380952	0.0032	0.0	56
841	0.0325005376	0.000000000000000	20.905169447018352	22	0.059453032104637336	0.0032	0.0	56
842	0.0325005376	0.000000000000000	20.905169447018352	22	0.05938242280285035	0.0032	0.0	56
843	0.0325005376	0.000000000000000	20.905169447018352	22	0.05931198102016608	0.0032	0.0	56
844	0.0325005376	0.000000000000000	20.905169447018352	22	0.05924170616113744	0.0032	0.0	56
845	0.0325005376	0.000000000000000	20.905169447018352	22	0.05917159763313609	0.0032	0.0	56
846	0.0325005376	0.000000000000000	20.905169447018352	22	0.0591016548463357	0.0032	0.0	56
847	0.0325005376	0.000000000000000	20.905169447018352	22	0.0590318772136954	0.0032	0.0	56
848	0.0325005376	0.000000000000000	20.905169447018352	22	0.0589622641509434	0.0032	0.0	56
849	0.0325005376	0.000000000000000	20.905169447018352	22	0.05889281507656066	0.0032	0.0	56
850	0.0325005376	0.000000000000000	20.905169447018352	22	0.058823529411764705	0.0032	0.0	56
851	0.0360303757	0.000000000000000	21.51757254779354	23	0.05992949471210341	0.0032	0.0	56
852	0.0360303757	0.000000000000000	21.51757254779354	23	0.05985915492957746	0.0032	0.0	56
853	0.0360303757	0.000000000000000	21.51757254779354	23	0.059788980070339975	0.0032	0.0	56
854	0.0360303757	0.000000000000000	21.51757254779354	23	0.059718969555035126	0.0032	0.0	56
855	0.0360303757	0.000000000000000	21.51757254779354	23	0.05964912280701754	0.0032	0.0	56
856	0.0360303757	0.000000000000000	21.51757254779354	23	0.05957943925233645	0.0032	0.0	56
857	0.0360303757	0.000000000000000	21.51757254779354	23	0.059509918319719954	0.0032	0.0	56
858	0.0360303757	0.000000000000000	21.51757254779354	23	0.05944055944055944	0.0032	0.0	56
859	0.0289547273	0.000000000000000	22.505834987600927	24	0.06053550640279395	0.0032	0.0	56
860	0.0289547273	0.000000000000000	22.505834987600927	24	0.06046511627906977	0.0032	0.0	56
861	0.0289547273	0.000000000000000	22.505834987600927	24	0.06039488966318235	0.0032	0.0	56
862	0.0289547273	0.000000000000000	22.505834987600927	24	0.060324825986078884	0.0032	0.0	56
863	0.0289547273	0.000000000000000	22.505834987600927	24	0.06025492468134415	0.0032	0.0	56
864	0.0289547273	0.000000000000000	22.505834987600927	24	0.06018518518518518	0.0032	0.0	56
865	0.0289547273	0.000000000000000	22.505834987600927	24	0.06011560693641618	0.0032	0.0	56
866	0.0289547273	0.000000000000000	22.505834987600927	24	0.06004618937644342	0.0032	0.0	56
867	0.0289547273	0.000000000000000	22.505834987600927	24	0.05997693194925029	0.0032	0.0	56
868	0.0289547273	0.000000000000000	22.505834987600927	24	0.059907834101382486	0.0032	0.0	56
869	0.0289547273	0.000000000000000	22.505834987600927	24	0.05983889528193326	0.0032	0.0	56
870	0.0289547273	0.000000000000000	22.713900726162493	24	0.06091954022988506	0.0032	0.0	56
871	0.0289547273	0.000000000000000	22.713900726162493	24	0.060849598163030996	0.0032	0.0	56
872	0.0289547273	0.000000000000000	22.713900726162493	24	0.06077981651376147	0.0032	0.0	56
873	0.0289547273	0.000000000000000	22.713900726162493	24	0.06071019473081329	0.0032	0.0	56
874	0.0289547273	0.000000000000000	22.713900726162493	24	0.06064073226544622	0.0032	0.0	56
875	0.0289547273	0.000000000000000	22.713900726162493	24	0.060571428571428575	0.0032	0.0	56
876	0.0289547273	0.000000000000000	22.713900726162493	24	0.06050228310502283	0.0032	0.0	56
877	0.0289547273	0.000000000000000	22.713900726162493	24	0.06043329532497149	0.0032	0.0	56
878	0.0289547273	0.000000000000000	22.713900726162493	24	0.06036446469248292	0.0032	0.0	56
879	0.0289547273	0.000000000000000	22.713900726162493	24	0.06029579067121729	0.0032	0.0	56
880	0.0289547273	0.000000000000000	22.713900726162493	24	0.060227272727272727	0.0032	0.0	56
881	0.0289547273	0.000000000000000	22.713900726162493	24	0.060158910329171394	0.0032	0.0	56
882	0.0289547273	0.000000000000000	22.713900726162493	24	0.060090702947845805	0.0032	0.0	56
883	0.0289547273	0.000000000000000	22.713900726162493	24	0.06002265005662514	0.0032	0.0	56
884	0.0289547273	0.000000000000000	22.713900726162493	24	0.05995475113122172	0.0032	0.0	56
885	0.0289547273	0.000000000000000	22.713900726162493	24	0.059887005649717516	0.0032	0.0	56
886	0.0289547273	0.000000000000000	22.713900726162493	24	0.05981941309255079	0.0032	0.0	56
887	0.0289547273	0.000000000000000	22.713900726162493	24	0.05975197294250282	0.0032	0.0	56
888	0.0289547273	0.000000000000000	22.713900726162493	24	0.059684684684684686	0.0032	0.0	56
889	0.0289547273	0.000000000000000	22.713900726162493	24	0.05961754780652419	0.0032	0.0	56
890	0.0289547273	0.000000000000000	22.781280571123737	24	0.060674157303370786	0.0032	0.0	56
891	0.0289547273	0.000000000000000	22.781280571123737	24	0.06060606060606061	0.0032	0.0	56
892	0.0325005376	0.000000000000000	22.976560822291276	24	0.061659192825112105	0.0032	0.0	56
893	0.0325005376	0.000000000000000	22.976560822291276	24	0.06159014557670773	0.0032	0.0	56
894	0.0325005376	0.000000000000000	22.976560822291276	24	0.06152125279642058	0.0032	0.0	56
895	0.0325005376	0.000000000000000	22.976560822291276	24	0.061452513966480445	0.0032	0.0	56
896	0.0325005376	0.000000000000000	22.976560822291276	24	0.06138392857142857	0.0032	0.0	56
897	0.0325005376	0.000000000000000	22.976560822291276	24	0.06131549609810479	0.0032	0.0	56
898	0.0325005376	0.000000000000000	22.976560822291276	24	0.061247216035634745	0.0032	0.0	56
899	0.0325005376	0.000000000000000	22.976560822291276	24	0.06117908787541713	0.0032	0.0	56
900	0.0325005376	0.000000000000000	22.976560822291276	24	0.06111111111111111	0.0032	0.0	56
901	0.0325005376	0.000000000000000	22.976560822291276	24	0.06104328523862375	0.0032	0.0	56
902	0.0325005376	0.000000000000000	22.976560822291276	24	0.06097560975609756	0.0032	0.0	56
903	0.0325005376	0.000000000000000	22.976560822291276	24	0.06090808416389812	0.0032	0.0	56
904	0.0325005376	0.000000000000000	22.976560822291276	24	0.06084070796460177	0.0032	0.0	56
905	0.0325005376	0.000000000000000	22.976560822291276	24	0.06077348066298342	0.0032	0.0	56
906	0.0325005376	0.000000000000000	22.976560822291276	24	0.06070640176600441	0.0032	0.0	56
907	0.0325005376	0.000000000000000	22.976560822291276	24	0.06063947078280044	0.0032	0.0	56
908	0.0361934091	0.000000000000000	23.011283044513497	24	0.06167400881057269	0.0032	0.0	56
909	0.0361934091	0.000000000000000	23.011283044513497	24	0.061606160616061605	0.0032	0.0	56
910	0.0361934091	0.000000000000000	23.011283044513497	24	0.06153846153846154	0.0032	0.0	56
911	0.0361934091	0.000000000000000	23.011283044513497	24	0.06147091108671789	0.0032	0.0	56
912	0.0361934091	0.000000000000000	23.011283044513497	24	0.06140350877192982	0.0032	0.0	56
913	0.0361934091	0.000000000000000	23.011283044513497	24	0.06133625410733844	0.0032	0.0	56
914	0.0361934091	0.000000000000000	23.011283044513497	24	0.061269146608315096	0.0032	0.0	56
915	0.0361934091	0.000000000000000	23.011283044513497	24	0.06120218579234973	0.0032	0.0	56
916	0.0399030284	0.000000000000000	22.973563416133118	24	0.06222707423580786	0.0032	0.0	56
917	0.0397228793	0.000000000000000	22.99461522637032	24	0.06324972737186478	0.0032	0.0	56
918	0.0397228793	0.000000000000000	22.99461522637032	24	0.06318082788671024	0.0032	0.0	56
919	0.0397228793	0.000000000000000	22.99461522637032	24	0.06311207834602829	0.0032	0.0	56
920	0.0397228793	0.000000000000000	22.99461522637032	24	0.06304347826086956	0.0032	0.0	56
921	0.0397228793	0.000000000000000	22.99461522637032	24	0.06297502714440825	0.0032	0.0	56
922	0.0397228793	0.000000000000000	22.99461522637032	24	0.06290672451193059	0.0032	0.0	56
923	0.0397228793	0.000000000000000	22.99461522637032	24	0.0628385698808234	0.0032	0.0	56
924	0.0397228793	0.000000000000000	22.99461522637032	24	0.06277056277056277	0.0032	0.0	56
925	0.0397228793	0.000000000000000	22.99461522637032	24	0.0627027027027027	0.0032	0.0	56
926	0.0397228793	0.000000000000000	22.99461522637032	24	0.06263498920086392	0.0032	0.0	56
927	0.0397228793	0.000000000000000	22.99461522637032	24	0.06256742179072276	0.0032	0.0	56
928	0.0397228793	0.000000000000000	22.99461522637032	24	0.0625	0.0032	0.0	56
929	0.0397228793	0.000000000000000	22.99461522637032	24	0.062432723358449946	0.0032	0.0	56
930	0.0397228793	0.000000000000000	22.99461522637032	24	0.06236559139784946	0.0032	0.0	56
931	0.0397228793	0.000000000000000	22.99461522637032	24	0.06229860365198711	0.0032	0.0	56
932	0.0397228793	0.000000000000000	22.99461522637032	24	0.06223175965665236	0.0032	0.0	56
933	0.0397228793	0.000000000000000	22.99461522637032	24	0.06216505894962487	0.0032	0.0	56
934	0.0432364509	0.000000000000000	23.076136859911543	24	0.06316916488222699	0.0032	0.0	56
935	0.0432364509	0.000000000000000	23.076136859911543	24	0.06310160427807486	0.0032	0.0	56
936	0.0432364509	0.000000000000000	22.09364527741996	23	0.0641025641025641	0.0032	0.0	56
937	0.0432364509	0.000000000000000	22.09364527741996	23	0.064034151547492	0.0032	0.0	56
938	0.0432364509	0.000000000000000	22.09364527741996	23	0.06396588486140725	0.0032	0.0	56
939	0.0432364509	0.000000000000000	22.09364527741996	23	0.06389776357827476	0.0032	0.0	56
940	0.0432364509	0.000000000000000	22.09364527741996	23	0.06382978723404255	0.0032	0.0	56
941	0.0432364509	0.000000000000000	22.09364527741996	23	0.06376195536663125	0.0032	0.0	56
942	0.0397228793	0.000000000000000	22.056397757992933	23	0.06475583864118896	0.0032	0.0	56
943	0.0397228793	0.000000000000000	22.056397757992933	23	0.06468716861081654	0.0032	0.0	56
944	0.0430425655	0.000000000000000	22.069143123314632	23	0.06567796610169492	0.0032	0.0	56
945	0.0430425655	0.000000000000000	22.069143123314632	23	0.0656084656084656	0.0032	0.0	56
946	0.0467342312	0.000000000000000	22.92936185195441	24	0.06659619450317125	0.0032	0.0	56
947	0.0467342312	0.000000000000000	22.92936185195441	24	0.0665258711721225	0.0032	0.0	56
948	0.0467342312	0.000000000000000	22.92936185195441	24	0.06645569620253164	0.0032	0.0	56
949	0.0467342312	0.000000000000000	22.92936185195441	24	0.06638566912539515	0.0032	0.0	56
950	0.0467342312	0.000000000000000	22.92936185195441	24	0.06631578947368422	0.0032	0.0	56
951	0.0467342312	0.000000000000000	22.92936185195441	24	0.06624605678233439	0.0032	0.0	56
952	0.0467342312	0.000000000000000	22.92936185195441	24	0.0661764705882353	0.0032	0.0	56
953	0.0467342312	0.000000000000000	22.92936185195441	24	0.06610703043022036	0.0032	0.0	56
954	0.0467342312	0.000000000000000	22.950195185287747	24	0.06708595387840671	0.0032	0.0	56
955	0.0465251295	0.000000000000000	22.702379557423157	24	0.06806282722513089	0.0032	0.0	56
956	0.0465251295	0.000000000000000	22.702379557423157	24	0.06799163179916318	0.0032	0.0	56
957	0.0465251295	0.000000000000000	22.702379557423157	24	0.06792058516196448	0.0032	0.0	56
958	0.0465251295	0.000000000000000	22.702379557423157	24	0.06784968684759916	0.0032	0.0	56
959	0.0465251295	0.000000000000000	22.702379557423157	24	0.06777893639207508	0.0032	0.0	56
960	0.0465251295	0.000000000000000	22.702379557423157	24	0.06770833333333333	0.0032	0.0	56
961	0.0465251295	0.000000000000000	22.702379557423157	24	0.06763787721123829	0.0032	0.0	56
962	0.0465251295	0.000000000000000	22.702379557423157	24	0.06756756756756757	0.0032	0.0	56
963	0.0467342312	0.000000000000000	22.72210991940296	24	0.06853582554517133	0.0032	0.0	56
964	0.0576486012	0.000000000000000	22.732698489866813	24	0.06950207468879668	0.0032	0.0	56
965	0.0576486012	0.000000000000000	22.732698489866813	24	0.0694300518134715	0.0032	0.0	56
966	0.0539241129	0.000000000000000	23.487660321927883	25	0.07039337474120083	0.0032	0.0	56
967	0.0539241129	0.000000000000000	23.487660321927883	25	0.0703205791106515	0.0032	0.0	56
968	0.0539241129	0.000000000000000	23.487660321927883	25	0.07024793388429752	0.0032	0.0	56
969	0.0539241129	0.000000000000000	23.487660321927883	25	0.07017543859649122	0.0032	0.0	56
970	0.0539241129	0.000000000000000	23.487660321927883	25	0.07010309278350516	0.0032	0.0	56
971	0.0504425260	0.000000000000000	23.637353630384844	25	0.07106076210092688	0.0032	0.0	56
972	0.0541675626	0.000000000000000	23.630248995300647	25	0.0720164609053498	0.0032	0.0	56
973	0.0541675626	0.000000000000000	23.630248995300647	25	0.07194244604316546	0.0032	0.0	56
974	0.0541675626	0.000000000000000	23.630248995300647	25	0.07186858316221766	0.0032	0.0	56
975	0.0541675626	0.000000000000000	23.630248995300647	25	0.07179487179487179	0.0032	0.0	56
976	0.0541675626	0.000000000000000	23.630248995300647	25	0.07172131147540983	0.0032	0.0	56
977	0.0541675626	0.000000000000000	23.630248995300647	25	0.07164790174002048	0.0032	0.0	56
978	0.0541675626	0.000000000000000	24.389763165341137	26	0.07259713701431493	0.0032	0.0	56
979	0.0471581244	0.000000000000000	24.013920623145303	26	0.0735444330949949	0.0032	0.0	56
980	0.0471581244	0.000000000000000	24.013920623145303	26	0.07346938775510205	0.0032	0.0	56
981	0.0471581244	0.000000000000000	24.013920623145303	26	0.07339449541284404	0.0032	0.0	56
982	0.0471581244	0.000000000000000	24.013920623145303	26	0.07331975560081466	0.0032	0.0	56
983	0.0471581244	0.000000000000000	24.013920623145303	26	0.07324516785350967	0.0032	0.0	56
984	0.0471581244	0.000000000000000	24.013920623145303	26	0.07317073170731707	0.0032	0.0	56
985	0.0471581244	0.000000000000000	24.013920623145303	26	0.07309644670050762	0.0032	0.0	56
986	0.0471581244	0.000000000000000	24.013920623145303	26	0.07302231237322515	0.0032	0.0	56
987	0.0471581244	0.000000000000000	24.013920623145303	26	0.0729483282674772	0.0032	0.0	56
988	0.0361934091	0.000000000000000	23.998722666568035	26	0.07388663967611336	0.0032	0.0	56
989	0.0361934091	0.000000000000000	23.998722666568035	26	0.07381193124368049	0.0032	0.0	56
990	0.0361934091	0.000000000000000	23.998722666568035	26	0.07373737373737374	0.0032	0.0	56
991	0.0361934091	0.000000000000000	23.998722666568035	26	0.07366296670030273	0.0032	0.0	56
992	0.0361934091	0.000000000000000	23.998722666568035	26	0.07358870967741936	0.0032	0.0	56
993	0.0361934091	0.000000000000000	23.998722666568035	26	0.07351460221550855	0.0032	0.0	56
994	0.0361934091	0.000000000000000	23.998722666568035	26	0.07344064386317907	0.0032	0.0	56
995	0.0361934091	0.000000000000000	23.998722666568035	26	0.07336683417085427	0.0032	0.0	56
996	0.0361934091	0.000000000000000	23.998722666568035	26	0.07329317269076305	0.0032	0.0	56
997	0.0326479323	0.000000000000000	23.910480077336338	26	0.07422266800401203	0.0032	0.0	56
998	0.0326479323	0.000000000000000	23.910480077336338	26	0.07414829659318638	0.0032	0.0	56
999	0.0326479323	0.000000000000000	23.910480077336338	26	0.07407407407407407	0.0032	0.0	56
1000	0.0326479323	0.000000000000000	23.910480077336338	26	0.074	0.0032	0.0	56
